190.793 241.405
201.242 264.975
211.951 282.525
228.380 297.228
243.490 309.323
271.664 316.963
298.898 320.892
319.216 323.939
333.520 324.650
337.916 320.169
333.615 315.605
325.381 309.926
312.901 302.061
301.571 290.383
294.923 273.763
292.164 258.107
287.430 238.053
263.215 202.384
277.773 197.562
291.656 195.492
301.949 196.826
309.656 200.366
329.780 199.710
333.125 196.622
334.423 196.556
333.368 198.811
327.692 203.751
322.174 210.504
330.408 222.684
339.870 234.073
348.209 247.490
318.406 258.602
329.408 262.355
336.609 262.292
338.334 262.074
336.074 257.327
270.950 220.325
282.240 212.380
290.308 213.831
293.543 221.886
292.216 222.979
282.840 223.314
318.399 221.669
326.668 213.007
330.508 213.209
327.916 221.367
331.979 223.821
327.289 223.232
338.574 282.372
340.628 273.899
343.306 268.283
346.576 264.059
351.866 266.870
354.451 271.836
353.577 278.464
354.908 284.926
354.697 292.848
349.921 297.579
346.960 295.206
343.023 288.392
336.576 283.498
346.542 277.250
348.899 275.311
353.816 275.173
350.954 280.241
353.667 281.933
349.700 285.267
345.884 283.739
287.346 216.180
328.862 216.439
