165.577 268.052
180.993 287.986
192.108 304.832
202.224 323.315
212.021 339.093
225.790 357.662
248.044 367.652
270.385 373.325
292.425 372.868
312.094 360.157
324.881 344.469
334.282 324.615
332.598 303.121
329.911 284.525
328.353 264.473
327.765 245.118
327.239 218.532
193.695 261.317
203.263 259.262
215.508 257.352
227.465 257.002
239.741 257.388
277.187 248.489
286.787 241.909
296.863 235.275
305.299 230.057
312.539 226.526
261.253 264.878
265.928 282.377
270.756 298.160
275.437 311.811
253.929 317.191
264.283 321.118
277.453 320.077
287.958 313.178
293.729 304.450
207.413 278.791
214.431 274.975
225.859 272.335
234.591 273.759
227.361 280.943
215.250 284.077
286.448 259.894
294.267 254.141
304.770 250.440
311.621 249.530
307.515 258.612
297.035 261.768
253.175 341.775
259.963 340.581
268.615 339.088
282.839 334.126
296.478 329.610
304.630 326.374
309.015 324.713
303.034 331.949
294.965 339.451
285.474 343.526
272.235 344.406
261.535 342.761
255.166 339.316
268.865 339.603
283.281 335.852
297.099 331.268
305.581 324.383
295.194 333.219
283.333 337.635
269.741 339.964
221.203 275.523
300.572 252.575
