159.423 265.342
167.657 290.990
173.381 311.319
176.788 335.749
181.769 356.068
200.640 375.647
224.118 390.602
246.794 402.717
268.911 409.471
289.148 400.866
300.255 387.580
306.378 370.798
307.946 353.554
305.198 335.094
305.497 314.916
309.948 296.590
316.060 273.338
207.968 247.861
222.955 245.201
238.654 244.767
251.535 246.774
262.913 251.242
300.394 251.156
310.818 247.241
320.737 245.881
327.618 246.960
331.109 251.203
280.525 267.349
280.814 285.484
283.620 301.496
286.816 319.562
253.678 326.710
265.767 332.494
279.009 333.059
289.727 332.543
296.888 323.027
217.936 268.583
230.074 261.614
242.505 262.863
249.407 271.694
242.182 274.984
228.541 275.136
293.889 272.713
307.397 263.287
317.426 264.547
319.941 271.538
317.370 277.519
305.482 277.354
248.801 363.052
255.778 357.020
267.116 350.856
281.436 349.181
293.207 349.954
300.631 354.513
302.623 361.099
299.519 368.799
291.296 376.367
282.197 377.709
270.169 375.610
257.297 369.415
250.401 362.077
265.934 360.340
278.389 359.631
290.301 359.873
298.959 360.492
291.028 363.322
282.179 364.034
271.541 363.514
234.285 263.867
309.504 266.301
