176.133 302.968
186.602 321.959
192.742 339.783
198.935 360.450
206.616 376.544
219.257 389.957
237.882 398.862
257.676 406.260
279.707 406.896
301.446 393.453
319.354 375.635
334.341 354.597
341.627 334.772
342.278 315.272
339.305 291.525
336.731 273.804
332.795 251.241
175.977 282.039
182.667 276.732
192.102 271.222
202.839 268.201
215.806 267.259
255.149 254.101
265.590 247.209
278.241 242.357
290.505 239.749
302.629 239.581
240.014 275.657
244.443 293.058
247.368 307.189
250.525 322.366
237.241 333.052
246.068 335.554
256.818 334.099
268.882 328.635
278.133 318.617
195.711 296.981
198.803 291.200
212.034 286.685
221.946 288.838
213.540 295.754
201.198 299.559
267.192 274.440
272.840 266.451
284.691 262.626
294.874 265.188
290.018 271.209
276.520 275.528
232.533 361.976
232.466 352.724
239.704 345.999
257.615 340.610
277.635 335.034
291.984 335.013
302.835 340.813
296.753 354.996
284.346 367.926
268.009 374.287
252.557 376.460
241.128 371.330
234.389 361.504
241.825 352.069
260.337 346.192
281.210 340.904
300.266 341.438
283.360 358.609
266.226 365.385
249.969 368.296
204.814 291.610
280.055 267.371
