191.795 245.832
189.011 270.690
188.584 289.080
194.436 307.047
201.018 322.344
216.819 335.789
237.565 346.541
258.525 355.438
280.487 361.568
301.765 359.203
317.308 356.102
331.064 350.034
338.606 340.983
341.683 328.008
345.181 309.856
344.729 292.204
345.607 267.758
221.091 207.780
232.885 202.863
247.018 202.328
259.253 205.122
271.540 211.251
314.233 218.068
325.922 216.518
337.236 217.920
346.738 221.331
352.573 229.121
291.564 228.089
293.294 238.553
294.989 248.257
296.552 262.259
264.450 277.293
276.018 284.452
289.911 285.845
300.244 288.063
308.547 285.330
232.536 227.104
242.374 221.325
256.198 225.678
262.631 233.893
253.024 233.323
238.928 230.601
312.511 242.366
320.732 234.948
332.287 234.621
337.680 243.479
334.259 245.680
322.561 244.507
268.382 312.853
274.428 304.270
282.006 296.826
293.071 294.587
301.961 297.442
307.996 306.199
311.490 318.659
305.651 320.431
294.241 325.587
287.605 325.527
281.817 323.606
274.308 316.359
270.635 312.220
283.211 308.619
290.757 307.925
299.520 309.122
308.610 317.469
298.318 310.815
290.073 309.979
283.248 308.809
248.295 225.212
327.690 237.986
