184.734 250.616
192.041 276.574
197.609 297.247
208.265 319.783
220.539 338.003
242.363 354.305
264.738 370.310
288.723 384.272
309.737 388.436
319.524 376.941
318.285 359.470
317.129 339.471
313.976 322.810
309.700 306.016
306.638 285.599
306.061 267.713
306.481 244.102
265.094 232.813
278.153 230.029
291.355 228.623
301.956 229.551
310.800 232.019
334.141 231.870
339.142 228.825
342.707 227.386
344.584 227.339
343.843 229.369
327.144 240.311
335.794 250.218
344.042 263.560
350.694 281.896
299.269 281.119
312.791 289.851
329.068 296.561
332.801 289.085
333.003 279.532
270.059 247.500
279.905 245.935
289.907 244.623
292.654 246.008
291.067 246.792
282.838 248.489
323.436 246.174
332.725 244.841
338.928 243.119
337.309 244.037
339.939 246.091
334.133 246.937
269.796 325.662
288.030 313.868
306.227 311.067
324.532 312.138
333.704 307.841
332.025 308.165
324.984 317.111
324.034 339.026
322.769 354.299
314.012 362.755
297.932 359.680
282.201 347.113
270.416 327.952
299.242 315.401
319.955 315.960
328.578 311.709
323.509 318.508
321.677 348.090
312.553 357.261
296.017 353.092
284.663 244.386
334.398 243.517
