171.722 249.785
171.918 276.326
172.534 298.935
167.744 328.114
166.039 352.132
174.946 377.885
183.725 402.676
195.381 424.207
213.907 436.094
234.086 429.530
247.249 412.422
259.666 389.335
272.988 365.763
281.226 340.185
290.865 312.486
300.781 293.116
312.537 270.378
225.711 253.690
238.377 253.558
252.006 258.870
263.124 266.409
273.099 276.316
312.295 281.237
323.952 274.626
332.646 269.886
337.088 267.905
335.951 270.595
287.255 298.652
284.582 318.976
281.841 337.469
277.402 354.448
239.816 334.754
248.131 344.842
263.268 353.331
276.044 348.709
284.230 341.937
230.751 280.792
243.546 276.499
254.257 279.839
257.752 291.236
250.562 295.017
237.879 291.780
300.710 299.235
312.517 289.338
322.259 289.375
323.894 296.140
319.317 304.450
310.891 305.599
211.660 374.749
223.886 364.696
238.890 364.654
261.190 369.465
276.706 368.436
280.087 370.777
272.973 381.836
256.491 401.830
240.286 417.937
225.747 422.891
214.254 415.093
208.640 396.446
213.157 376.838
234.790 371.986
257.153 376.517
274.195 377.675
268.938 383.629
244.306 410.726
229.231 416.448
217.969 407.451
245.039 285.732
314.337 297.433
