155.452 263.506
157.708 288.664
158.512 306.431
158.308 326.885
161.094 343.692
166.881 360.101
178.380 373.179
192.952 383.802
211.500 389.439
232.816 385.352
256.180 377.655
281.431 365.716
300.735 350.136
312.386 332.671
321.628 310.975
326.358 292.474
332.173 266.364
159.750 241.568
165.677 238.050
175.545 236.668
185.658 237.765
196.636 241.145
232.004 241.963
243.555 239.201
256.748 238.818
269.111 240.023
282.419 243.495
212.068 252.510
208.340 266.926
204.253 280.936
200.450 297.498
191.417 310.316
196.440 315.227
204.972 318.553
218.558 317.458
230.601 312.203
168.773 258.111
172.335 253.042
186.394 254.858
194.169 261.379
184.655 263.778
172.276 263.166
241.898 262.270
248.841 256.207
263.248 255.735
271.595 260.539
261.897 265.296
249.104 265.171
181.908 342.428
183.231 336.699
188.715 333.612
201.384 334.093
219.952 336.606
229.968 341.128
237.066 346.965
230.017 352.141
218.143 355.339
201.751 356.434
189.670 353.428
185.182 348.868
184.849 342.856
191.748 341.297
203.918 343.053
219.916 343.520
236.587 346.146
217.876 348.418
202.520 348.286
191.835 346.292
178.793 257.484
257.310 258.446
