154.070 271.110
164.363 292.358
172.606 310.244
182.993 328.631
193.143 343.672
210.120 363.415
231.301 378.982
252.846 390.422
273.011 392.381
288.682 380.876
297.837 361.460
303.655 338.306
304.660 315.049
306.889 295.597
310.121 275.296
313.271 256.369
318.518 232.465
196.515 292.973
209.660 295.825
226.308 296.681
241.120 297.392
254.529 297.729
298.773 287.998
310.113 280.392
320.492 272.278
327.196 265.473
329.485 258.852
277.435 303.341
280.813 320.314
284.829 336.553
289.315 355.051
255.900 348.065
267.408 355.246
281.677 357.554
291.061 347.671
296.057 333.198
213.912 307.731
223.774 305.457
235.720 302.809
243.784 304.714
236.573 313.734
224.434 316.015
293.659 291.187
305.227 287.495
315.905 282.202
318.552 280.030
316.443 288.940
306.865 294.712
246.006 367.029
251.804 367.025
261.020 366.879
279.764 366.815
294.858 356.945
299.759 351.646
298.244 350.063
295.469 358.929
286.991 370.844
277.145 375.292
265.504 378.804
253.590 373.790
247.686 365.631
260.914 367.952
277.775 366.498
291.484 357.918
295.835 349.907
288.176 362.438
277.080 367.844
264.068 371.510
225.410 308.047
305.391 285.813
