152.785 268.054
161.511 294.375
167.993 315.521
181.312 331.122
194.563 345.321
217.234 355.267
246.185 359.599
274.922 364.189
300.189 366.020
317.528 354.483
327.338 342.666
335.471 330.050
334.987 318.309
330.505 304.068
325.110 284.216
317.740 265.190
313.582 239.181
198.934 226.308
212.100 219.568
227.051 215.811
239.853 215.402
252.194 217.270
289.420 212.689
298.461 207.986
308.023 205.007
315.735 204.264
321.134 207.360
274.060 226.627
279.365 239.001
285.703 250.853
292.734 265.147
254.237 283.917
269.844 288.187
289.519 287.587
301.275 283.220
304.823 274.751
217.104 243.331
227.270 235.195
238.595 235.517
246.233 240.629
240.093 242.816
226.832 245.097
288.737 234.861
295.519 227.277
306.211 225.020
311.093 229.536
308.705 233.753
298.775 235.053
244.860 316.110
251.297 306.547
265.379 300.470
291.069 295.223
310.394 292.780
317.135 296.195
319.576 304.550
319.336 314.591
312.247 326.618
297.634 333.119
278.295 332.327
259.062 326.093
247.006 317.129
265.084 306.343
290.492 302.656
308.053 299.083
317.181 305.407
308.907 314.865
294.358 321.550
274.884 321.828
230.183 236.811
299.590 227.443
