183.027 263.260
190.560 282.917
194.146 301.321
198.693 325.816
206.052 347.252
214.941 374.720
223.733 400.213
233.929 421.077
250.693 431.546
269.193 422.392
282.251 401.784
293.363 373.725
302.956 343.274
308.326 316.714
311.844 289.251
316.194 268.080
317.744 242.347
154.400 250.505
155.403 246.495
159.751 244.649
166.399 246.303
175.937 250.834
211.293 242.554
222.229 234.669
236.586 230.028
250.242 228.864
263.992 231.662
195.339 267.109
196.089 287.468
192.578 300.758
188.901 316.511
186.476 322.786
191.778 328.165
202.043 330.090
216.671 328.951
232.110 323.647
167.233 275.557
166.257 271.936
174.352 271.440
186.606 276.319
178.192 280.754
168.216 282.432
227.721 270.145
233.052 261.798
243.473 260.439
256.194 263.167
248.636 271.129
235.488 273.404
200.527 372.608
190.687 358.354
190.558 350.769
201.181 348.069
220.118 350.666
234.777 358.832
248.699 373.193
254.283 395.794
250.513 414.718
237.764 422.111
221.201 412.368
210.774 394.381
203.060 372.640
194.168 359.510
204.527 358.272
225.182 359.712
246.825 372.607
244.140 407.016
232.967 414.458
218.903 404.680
171.857 275.371
239.473 265.956
