186.934 241.927
182.324 266.974
175.821 287.143
166.607 313.781
163.268 336.433
159.799 361.604
161.349 384.279
164.918 402.080
174.995 414.044
195.646 414.458
222.010 407.521
251.635 392.703
278.622 372.095
297.585 348.885
308.462 318.919
311.733 295.334
316.149 265.747
135.629 232.378
135.010 231.252
138.606 232.024
143.370 235.106
150.610 240.475
177.637 243.951
188.149 240.557
201.597 240.283
215.123 242.026
231.993 246.691
163.284 255.442
157.485 268.288
149.419 281.271
141.421 298.198
146.126 298.719
147.412 307.734
153.904 314.161
169.132 314.213
184.486 302.872
144.393 247.717
141.101 246.534
150.329 249.460
158.081 254.758
149.925 255.126
141.112 253.529
193.751 260.716
196.140 256.868
207.501 257.986
219.538 262.763
206.868 266.173
195.085 263.893
148.195 344.015
138.548 330.644
136.739 327.072
145.126 330.460
163.243 335.829
182.335 344.654
201.369 360.959
193.578 377.541
179.090 389.069
165.907 390.898
155.899 382.321
152.412 365.066
150.658 346.878
138.035 336.260
146.044 340.471
169.034 347.040
199.430 361.429
177.185 382.934
164.571 384.595
154.959 375.645
145.409 250.134
202.598 257.934
