156.747 262.172
163.134 288.256
169.120 309.537
174.900 331.621
181.590 349.627
198.365 363.666
222.638 373.637
248.630 383.197
273.639 389.411
294.276 381.242
307.550 372.028
318.470 361.163
320.563 349.216
317.892 332.880
316.788 310.788
319.724 292.082
323.787 268.178
202.405 229.217
215.751 224.504
231.729 222.800
245.160 224.395
257.705 228.681
299.189 228.919
310.330 225.961
321.110 225.997
328.639 228.107
331.256 234.240
279.192 241.601
281.543 259.400
283.951 278.836
286.381 300.176
249.545 306.376
261.518 314.096
278.142 316.715
290.472 313.520
297.389 300.174
220.899 246.810
231.469 244.189
244.247 245.517
250.378 251.050
241.344 251.272
229.454 249.449
293.600 251.697
305.603 246.304
316.598 247.118
318.580 251.037
316.598 252.520
304.918 252.549
231.314 331.515
241.130 328.635
256.622 329.025
277.084 329.014
292.756 326.839
302.154 326.425
306.520 329.728
299.939 338.041
291.107 345.839
278.306 347.696
261.419 346.519
244.725 339.636
233.505 332.762
253.642 333.853
275.478 335.764
292.196 332.529
303.283 330.986
291.747 336.019
277.850 338.602
259.666 336.905
239.621 244.617
311.551 246.181
