190.703 247.680
196.141 272.422
199.932 295.827
204.017 323.144
211.192 346.099
220.493 372.116
234.419 393.961
250.840 410.893
270.255 418.770
290.885 412.491
307.704 397.967
323.765 377.081
334.827 351.272
342.861 326.121
349.825 297.643
354.341 273.644
358.620 245.805
201.505 225.660
210.357 220.979
222.178 221.459
233.703 225.773
246.278 233.306
292.075 233.006
305.569 225.975
319.231 221.724
330.281 220.919
339.751 226.031
267.944 253.356
267.500 272.103
266.441 287.506
266.125 302.937
238.814 300.139
248.574 307.154
267.850 313.115
286.665 307.586
298.236 301.042
215.451 254.326
224.005 248.048
238.223 249.016
242.488 257.307
234.526 261.496
222.330 262.140
296.125 257.192
303.363 248.882
317.677 247.947
325.399 254.783
315.742 262.498
303.221 261.286
235.635 352.428
237.978 336.946
248.342 330.377
268.650 330.204
289.030 329.576
300.586 337.470
304.179 355.156
296.594 377.145
285.541 393.850
270.916 400.396
255.917 392.828
244.537 374.967
239.743 354.201
247.085 339.598
269.056 339.072
291.649 341.513
300.840 357.473
285.171 387.508
270.526 394.543
255.796 385.466
233.608 252.115
315.681 252.255
