189.487 241.441
192.349 269.436
195.099 292.371
204.737 311.433
214.670 328.207
234.149 346.000
258.266 358.119
280.904 366.562
297.560 369.024
308.336 361.116
310.939 349.777
310.718 333.906
304.995 315.686
300.952 299.112
301.039 281.121
305.477 261.944
313.764 237.014
276.358 240.472
292.126 240.592
306.273 241.350
316.346 243.786
323.435 246.626
349.157 245.402
355.618 241.811
359.436 239.122
360.754 237.737
356.739 237.590
334.186 258.147
336.280 276.809
340.085 294.009
341.268 312.928
295.388 308.260
304.148 314.229
315.153 317.383
319.686 316.175
322.413 306.951
284.648 259.557
295.676 257.446
302.578 257.291
301.834 260.078
300.153 264.656
292.536 265.139
330.332 258.283
341.300 256.058
347.258 254.782
344.790 256.016
345.141 260.982
340.421 262.099
277.496 331.968
284.665 330.471
293.726 331.500
306.928 332.489
315.942 332.196
319.299 331.087
316.959 333.395
314.458 336.602
309.774 340.014
303.348 337.772
296.900 336.345
285.532 333.726
277.983 331.829
289.825 333.263
303.299 334.387
312.466 333.728
314.182 331.652
308.951 333.655
302.624 332.407
294.586 331.398
297.536 257.235
343.481 254.664
