184.963 268.809
181.414 294.021
175.289 312.423
163.998 333.069
158.705 348.435
155.527 359.610
154.325 369.995
159.256 377.593
174.439 382.985
201.892 382.411
233.094 379.515
265.526 370.860
294.948 362.482
315.307 347.765
330.946 322.722
341.328 302.173
349.126 274.664
160.965 225.636
163.501 219.459
170.381 216.863
178.013 217.287
187.288 221.059
225.325 219.915
237.805 216.055
252.028 215.901
265.468 218.265
281.041 225.740
203.946 236.452
199.295 252.615
192.740 264.143
185.195 277.421
173.248 298.288
178.634 300.497
188.992 300.888
202.910 302.759
219.107 300.667
169.706 243.904
171.596 238.301
182.817 238.368
189.976 244.716
181.639 246.397
170.212 246.420
232.500 243.577
238.591 236.922
252.266 238.443
262.510 244.165
251.390 246.596
237.474 245.873
160.969 333.972
162.833 325.375
168.383 320.970
179.566 320.457
196.455 323.091
207.954 329.502
221.200 338.249
210.125 341.433
196.020 342.843
177.853 343.110
166.652 340.678
164.522 337.212
164.751 333.668
170.107 329.422
180.813 330.152
198.699 332.948
219.210 338.467
196.226 336.841
179.347 337.001
169.818 333.870
178.188 240.144
246.956 239.610
