192.373 251.377
195.498 280.113
199.370 302.037
211.636 326.295
225.103 344.904
253.902 357.801
284.965 370.524
313.968 381.169
337.436 384.834
352.595 377.089
355.925 365.237
354.325 351.785
350.462 340.407
343.481 324.251
337.814 302.434
332.966 284.170
331.383 259.092
263.656 220.958
279.169 217.010
293.807 216.406
305.266 218.650
315.227 224.497
349.394 227.174
358.284 223.101
365.683 222.049
370.314 223.192
370.600 228.365
330.581 241.729
335.124 256.361
342.442 267.001
348.560 278.930
311.552 297.289
327.230 302.161
342.459 301.692
352.395 301.814
354.786 298.693
273.037 239.821
286.537 234.657
297.908 237.012
303.175 245.395
298.079 246.881
284.128 244.917
345.677 247.229
353.867 240.349
361.924 238.978
360.517 244.225
362.196 248.865
354.358 249.359
306.973 336.910
319.019 325.108
333.499 317.017
351.937 314.902
362.596 314.232
365.660 321.678
363.928 333.334
362.926 342.991
359.494 350.068
349.636 351.847
333.357 351.799
316.700 346.034
306.995 337.222
331.502 327.538
351.861 325.847
361.675 325.800
360.982 333.990
357.625 342.219
347.576 343.950
332.656 343.960
292.291 236.043
357.444 239.748
