164.588 275.065
167.599 298.390
170.749 319.149
174.384 343.099
178.622 362.855
186.941 388.421
204.886 409.889
225.095 427.417
247.527 435.304
270.946 427.370
290.387 410.962
308.576 389.678
317.377 365.752
322.614 344.703
327.735 322.676
331.694 303.944
336.412 280.202
189.704 311.329
201.235 316.402
214.690 319.465
226.681 322.172
238.469 325.612
274.900 327.031
286.827 324.081
300.368 321.670
312.211 318.963
322.455 314.245
255.617 338.151
254.780 354.823
254.257 371.591
253.599 389.992
223.734 371.657
235.506 381.698
251.329 387.537
266.262 383.240
278.512 372.765
200.740 321.994
209.439 328.944
220.522 329.186
228.650 329.771
220.056 332.092
206.939 330.337
280.668 331.497
291.332 333.942
301.818 331.469
308.249 325.948
302.845 333.447
290.300 334.943
210.501 386.862
218.234 387.103
230.720 391.363
250.850 395.075
269.180 392.926
280.049 388.341
287.691 386.594
277.315 400.384
262.974 412.391
248.870 414.173
234.313 411.400
220.904 399.666
211.948 386.138
229.393 390.459
250.063 396.447
269.500 392.063
285.885 386.087
265.150 405.937
249.069 409.168
233.389 404.770
214.056 326.726
296.399 329.480
