155.507 237.013
154.603 262.017
153.532 281.235
153.550 305.423
153.862 324.622
156.763 346.851
165.375 366.310
176.980 381.251
195.478 391.350
220.239 388.259
242.917 380.143
266.426 365.629
285.766 348.223
297.761 329.529
307.581 306.917
314.573 288.679
321.632 264.052
153.689 231.944
158.819 231.507
168.615 232.550
178.876 235.642
190.230 241.341
228.581 251.866
240.699 250.223
254.594 250.575
267.270 251.970
279.863 254.477
207.710 259.039
203.203 275.103
198.566 290.528
194.360 308.895
185.529 308.644
191.697 318.345
199.958 323.245
211.750 322.883
225.068 315.885
163.125 252.453
166.838 247.833
179.904 250.541
189.094 258.474
178.718 261.187
166.111 259.589
236.504 267.726
242.819 266.773
258.153 268.061
267.292 270.760
257.168 275.225
243.743 273.207
174.582 344.810
179.709 341.115
185.012 337.940
196.872 339.982
210.849 342.265
218.895 348.254
227.780 354.526
219.293 356.168
209.135 358.237
195.008 357.975
183.317 352.702
178.229 348.330
177.081 343.606
187.942 344.169
198.006 347.048
210.787 348.183
226.304 352.423
208.466 351.189
196.693 349.906
185.813 346.869
170.864 255.509
248.664 268.667
