182.696 311.995
193.155 334.173
200.303 352.099
206.684 368.188
215.983 383.615
229.001 399.528
250.907 409.883
273.378 415.370
298.556 411.279
320.999 394.889
337.135 373.828
351.682 349.203
357.492 330.683
358.230 314.423
355.434 293.989
352.265 275.278
350.366 250.040
178.483 262.870
185.207 252.445
196.311 243.625
208.221 239.233
220.916 237.643
258.516 224.738
269.292 218.529
282.558 214.044
295.052 212.820
307.840 215.372
242.451 241.187
245.393 253.099
247.808 263.154
251.873 277.280
234.802 306.782
245.516 306.813
261.303 301.495
278.430 296.573
289.838 289.013
198.171 274.122
201.396 263.674
212.686 259.674
224.605 262.845
216.223 268.420
205.018 274.916
273.842 246.307
281.939 235.392
292.800 232.556
302.521 238.104
297.327 243.378
285.392 246.209
243.091 357.030
240.597 335.756
247.637 324.309
264.885 316.671
286.072 311.419
302.225 316.681
313.824 333.928
312.700 355.072
303.325 371.453
288.576 381.540
270.187 384.187
255.551 377.686
245.989 359.893
249.488 330.944
268.323 321.598
292.106 317.898
312.620 335.464
300.958 363.992
286.042 375.345
267.787 378.273
211.911 265.264
291.494 238.047
