173.818 285.168
184.305 307.309
190.697 325.475
194.073 345.793
198.226 362.231
204.012 379.856
214.342 392.754
227.522 401.215
245.889 401.909
266.697 390.709
286.647 374.735
306.152 354.072
320.779 332.664
324.137 312.303
322.012 290.245
319.188 270.918
316.993 244.922
151.558 277.329
155.571 273.507
163.437 270.445
172.340 270.083
182.890 271.722
217.446 262.269
227.539 255.332
240.486 249.960
253.293 246.746
267.818 245.036
202.034 281.750
203.783 298.560
203.941 312.565
204.677 328.057
201.517 339.403
208.698 342.027
216.943 340.053
228.881 336.543
239.534 330.764
169.035 292.540
170.497 286.922
181.988 285.188
192.581 288.046
183.302 294.355
173.443 297.769
230.536 279.352
236.244 270.967
250.627 267.075
260.287 269.428
252.881 278.666
239.012 281.189
205.791 369.147
204.548 363.982
208.311 358.644
220.930 354.487
238.271 350.999
251.019 351.947
261.018 353.985
253.429 361.336
243.175 371.003
230.535 376.633
219.532 376.578
211.784 372.457
208.578 367.659
213.116 366.843
226.344 363.680
242.193 358.978
258.237 354.170
240.565 360.912
228.365 365.735
218.129 366.928
176.359 291.754
241.929 271.881
