239.752 249.608
239.913 270.986
234.825 287.964
222.263 305.078
211.986 318.950
193.656 331.838
174.553 342.813
157.879 350.716
150.064 355.760
156.970 353.375
177.248 347.617
204.783 334.442
234.397 317.667
256.557 297.759
272.059 271.346
278.895 247.693
279.669 216.109
174.359 227.644
164.767 223.087
157.954 219.841
154.357 218.641
153.521 218.967
152.120 209.172
153.481 202.896
158.896 198.219
167.087 195.725
181.421 196.848
150.402 226.614
141.179 241.126
130.520 254.796
120.704 271.650
157.186 282.851
148.325 286.442
143.262 287.910
148.081 284.365
157.602 277.059
173.183 238.511
165.106 232.124
165.102 230.703
168.565 236.280
163.853 240.277
166.071 242.769
169.591 226.963
165.076 217.046
166.081 213.224
176.147 217.942
165.810 226.452
164.203 228.357
162.418 313.542
151.837 309.065
145.153 305.968
141.089 304.522
144.851 304.824
152.201 307.301
162.669 311.569
152.645 315.063
143.995 317.685
142.177 318.373
147.323 317.089
156.271 315.319
163.372 312.775
151.687 310.844
148.724 311.170
151.763 310.399
163.374 311.357
146.662 311.837
143.920 312.555
149.604 312.076
166.497 234.199
166.841 218.318
