222.742 266.215
238.141 289.221
254.264 306.286
277.306 316.569
298.274 324.366
329.807 325.675
360.279 324.614
385.152 323.766
401.148 325.979
403.968 326.342
398.241 330.658
386.535 333.506
367.632 334.150
350.939 328.807
336.756 316.210
326.310 302.066
315.476 281.891
292.267 207.432
304.923 200.478
316.213 197.697
325.208 198.599
333.258 202.761
351.319 208.525
353.061 208.403
353.663 211.689
353.488 217.034
350.523 226.579
350.067 213.870
363.479 220.845
377.285 226.472
390.696 233.610
358.977 259.931
371.340 260.210
381.734 260.381
380.846 263.022
375.706 263.502
311.495 224.578
320.042 222.553
325.898 225.141
327.566 229.039
327.604 227.598
321.695 226.234
347.319 235.253
355.055 234.344
358.544 235.928
355.232 239.752
359.256 237.961
354.620 235.978
362.896 287.969
370.667 279.588
378.876 275.050
388.128 274.538
391.049 277.584
390.753 285.196
389.331 294.352
392.475 294.065
396.932 291.249
393.780 290.081
385.920 287.603
373.004 288.909
361.444 289.468
373.262 284.476
384.136 283.558
387.471 287.003
387.120 295.379
390.582 285.421
388.582 283.298
379.128 282.715
321.895 222.636
354.851 234.172
