160.939 247.046
158.550 273.770
159.804 296.098
168.221 324.882
177.358 346.811
196.573 369.199
222.705 386.288
247.404 397.098
267.959 400.843
286.668 391.308
300.342 376.046
311.565 356.413
314.719 335.581
315.425 314.073
316.675 288.713
318.187 269.815
323.368 244.796
224.367 243.639
239.355 239.987
254.853 242.023
267.225 247.650
278.257 255.467
316.891 269.050
326.591 267.584
335.067 266.095
340.856 264.292
342.849 261.970
295.530 275.835
295.802 295.599
296.339 315.018
296.509 335.430
258.862 330.557
270.973 340.559
285.329 342.356
296.779 334.802
303.634 320.544
236.556 273.810
248.809 272.522
258.416 273.096
263.441 277.114
256.573 282.260
244.273 282.169
307.087 275.470
319.911 273.186
328.126 272.348
329.417 273.039
327.377 278.416
317.394 279.246
242.419 362.542
256.143 362.425
268.907 361.117
285.909 358.386
298.786 353.039
304.335 349.656
303.045 348.437
297.255 357.442
290.547 366.104
279.706 371.938
266.025 371.649
254.174 367.084
245.578 360.774
265.482 364.171
283.564 363.638
296.230 356.933
299.184 348.882
291.624 359.688
280.606 365.556
266.992 365.307
247.784 272.641
318.466 271.617
