180.306 232.069
179.953 257.892
180.112 278.011
180.282 293.262
182.095 307.239
189.297 318.869
206.840 327.315
225.141 334.924
245.845 341.940
269.600 338.821
290.566 335.516
311.901 329.306
324.040 319.893
330.183 307.643
334.619 290.930
338.824 271.935
344.917 247.164
198.001 186.621
206.597 179.647
218.624 176.483
229.731 176.984
241.048 180.906
284.762 182.916
297.297 181.118
310.196 183.424
320.682 188.140
328.682 197.494
260.764 195.448
259.351 210.677
257.785 223.338
255.896 239.127
233.316 261.174
242.590 265.813
253.823 266.850
264.821 268.199
275.873 263.484
209.527 202.554
216.815 195.954
229.212 197.530
234.638 204.742
228.739 205.808
215.868 205.381
286.249 208.367
295.487 201.379
307.763 202.646
313.783 211.234
305.603 212.127
293.706 210.056
221.057 296.178
228.114 291.469
237.253 289.433
251.643 290.284
265.185 290.274
274.377 294.374
281.693 301.165
274.112 300.353
264.593 299.652
252.421 298.459
238.640 298.025
229.794 297.618
223.145 296.622
237.440 294.808
251.006 295.575
265.293 296.306
279.713 300.938
264.531 295.077
252.385 294.052
239.791 294.135
222.609 199.079
302.151 204.830
