192.230 262.053
191.780 292.144
195.308 316.175
208.764 340.038
223.689 358.825
251.840 374.788
281.742 389.506
309.938 401.181
331.289 406.249
344.540 394.243
344.738 377.607
341.347 358.776
334.990 343.067
327.681 325.987
320.890 304.892
316.387 285.752
314.373 261.943
271.705 242.256
287.295 238.164
301.754 236.489
312.941 237.718
322.388 240.992
351.971 239.414
357.876 236.058
361.575 235.396
363.217 236.926
360.741 241.154
340.250 252.920
349.375 267.875
356.939 283.026
361.942 302.023
313.485 306.905
330.609 315.701
345.661 319.426
352.511 314.488
354.164 304.689
281.031 258.207
296.274 256.394
303.676 255.579
307.936 259.777
303.357 263.662
291.766 264.571
341.620 258.161
353.777 255.089
357.948 254.649
354.394 256.369
355.596 262.740
348.323 262.121
298.561 347.938
313.045 338.965
329.797 335.043
346.874 335.209
356.179 332.196
357.187 332.572
353.582 337.782
352.296 351.499
350.960 361.941
341.625 367.555
323.351 365.983
309.282 358.762
298.914 348.418
323.472 341.642
342.469 342.056
351.472 338.070
350.942 338.760
348.753 354.877
338.533 359.989
321.843 358.506
296.944 257.361
351.703 255.938
