167.910 252.188
173.431 276.094
176.234 294.807
181.737 316.691
189.878 333.446
203.935 351.607
221.540 366.192
242.316 376.230
264.807 378.646
284.135 370.449
299.657 358.353
313.105 341.909
320.348 322.923
322.899 303.260
325.263 279.994
325.186 261.788
324.432 237.471
191.360 227.667
202.004 221.197
215.486 218.049
227.575 218.955
240.017 224.529
281.861 219.473
292.697 212.130
304.371 209.277
314.618 209.792
322.982 215.294
262.000 245.402
264.323 267.300
267.089 281.120
269.277 293.411
241.647 307.605
253.305 312.980
266.510 312.742
278.158 310.556
286.811 304.241
207.115 253.755
214.885 247.734
227.787 247.267
236.619 254.590
228.952 259.698
216.476 260.087
284.269 250.644
294.882 241.657
306.358 240.855
311.352 244.698
306.708 251.266
294.874 253.206
236.987 339.572
242.844 334.420
251.019 330.500
267.524 328.480
283.224 327.238
289.333 330.370
292.358 335.358
288.086 341.320
279.432 349.251
267.053 352.290
251.646 350.481
241.092 344.252
237.871 337.718
252.159 336.309
267.277 335.308
280.812 333.755
289.920 334.062
279.098 338.336
266.725 340.461
251.985 340.238
223.809 252.265
300.844 245.281
