155.887 241.799
159.692 266.251
164.954 285.897
173.156 305.434
183.591 322.203
203.030 339.040
225.196 347.176
243.723 351.036
262.272 350.975
277.133 345.989
286.925 339.046
298.830 327.829
305.184 311.723
307.008 296.115
307.152 278.482
307.317 260.388
308.086 238.517
192.902 207.230
204.462 200.922
217.538 197.162
229.096 197.142
240.452 200.969
276.639 200.229
285.866 196.732
295.107 196.925
302.823 199.480
309.233 205.065
259.075 216.718
261.873 232.129
265.365 245.603
268.844 260.888
244.424 276.156
255.425 280.345
265.450 280.141
272.840 278.327
278.191 274.612
205.260 225.059
214.807 216.280
228.102 217.853
234.629 226.499
227.366 228.815
213.778 229.623
277.623 225.512
285.423 214.145
296.927 214.920
301.043 222.608
297.061 227.409
285.775 227.181
248.315 315.151
254.456 306.571
260.374 300.510
268.100 296.774
275.416 297.266
280.334 302.949
282.829 311.779
279.511 320.094
274.981 326.802
267.319 331.377
260.345 328.130
253.951 322.258
249.376 313.308
260.781 309.263
268.073 306.948
274.619 306.995
279.694 310.187
274.792 318.915
268.697 322.890
261.987 320.518
220.992 222.205
292.280 219.845
