181.009 196.730
175.093 212.687
171.976 224.620
175.933 233.283
182.286 242.832
203.496 250.754
232.734 258.993
259.353 267.525
283.921 280.118
303.794 292.380
313.706 303.342
322.261 310.625
324.668 314.728
323.808 312.028
324.293 302.282
325.440 290.223
327.464 273.837
244.119 142.446
257.441 138.847
269.647 139.458
279.707 142.611
289.007 149.053
321.979 166.711
330.494 171.183
337.902 178.979
343.227 188.018
345.953 201.219
304.404 164.143
307.354 166.493
312.601 165.091
318.290 166.843
282.116 187.712
296.136 190.854
308.307 195.531
314.951 202.965
317.936 210.334
252.133 154.488
262.001 150.420
271.376 156.695
274.936 165.615
268.867 160.640
258.821 156.033
317.000 190.119
326.269 186.349
334.380 192.319
336.002 202.383
335.021 199.769
325.041 192.877
278.309 220.561
289.046 211.482
300.920 207.357
314.430 211.494
320.756 220.083
319.601 230.690
315.450 245.822
316.166 245.107
313.296 241.709
307.934 237.674
301.310 229.255
289.532 223.557
278.694 222.835
296.135 216.606
310.599 218.938
315.971 229.686
312.780 245.564
314.507 237.228
308.813 231.244
300.025 223.775
265.871 155.190
329.885 191.761
