182.422 274.380
189.951 298.705
196.164 318.827
202.892 337.980
210.843 353.667
221.985 372.062
240.409 386.481
261.895 396.260
284.774 399.508
307.277 387.764
327.059 370.229
343.322 348.121
350.217 326.584
353.569 307.246
353.381 285.189
350.306 264.346
343.989 237.545
185.401 265.691
191.124 262.499
201.320 258.887
213.041 257.063
226.487 257.090
269.271 246.245
281.122 239.798
294.687 235.440
306.883 233.096
318.023 232.742
250.103 264.756
252.679 281.991
255.411 299.562
259.531 319.665
239.850 324.482
250.802 330.487
266.344 330.274
282.242 323.576
292.261 309.872
204.435 279.429
208.703 278.750
221.263 275.800
231.107 274.571
221.649 279.925
210.022 282.379
279.226 263.084
287.014 260.294
299.517 255.852
306.928 254.416
301.318 260.066
290.408 264.117
242.703 358.582
244.719 353.733
252.326 350.038
270.172 347.048
288.057 341.097
301.323 339.072
309.923 341.324
303.452 352.123
292.392 364.397
277.070 370.235
261.320 370.863
249.727 365.010
245.309 357.543
255.241 355.805
273.230 352.635
291.819 346.204
306.787 341.632
289.603 357.318
275.552 361.744
260.251 364.162
215.252 276.138
293.515 258.004
