147.803 249.523
148.360 274.785
148.349 295.761
145.503 309.394
145.584 321.885
147.808 332.435
158.768 341.778
174.200 351.014
198.040 357.320
226.607 353.970
253.576 348.710
278.844 340.960
293.027 331.592
300.318 319.450
304.420 301.796
308.726 280.755
315.343 253.363
152.431 208.387
159.425 202.201
170.079 198.886
181.106 199.347
193.513 202.897
236.149 203.810
249.249 200.572
263.725 200.424
276.537 203.278
287.801 211.044
212.898 214.642
209.153 225.499
205.003 235.596
201.677 248.764
181.180 266.890
189.026 271.028
204.646 273.283
222.322 273.822
237.456 268.060
164.743 225.576
170.141 220.563
181.744 220.094
190.483 225.307
181.610 226.599
170.318 227.279
241.950 228.173
250.884 223.648
262.621 222.168
270.606 228.379
264.562 230.710
252.242 230.514
169.025 301.354
173.924 291.939
183.473 286.533
202.125 287.223
222.329 289.356
236.258 295.974
245.226 306.812
233.355 312.531
215.291 314.557
200.994 312.687
185.828 311.036
174.957 308.470
171.364 302.556
184.168 295.078
202.859 294.981
224.338 297.432
243.560 307.110
217.309 306.512
203.124 305.116
187.640 304.865
178.058 222.275
259.184 225.349
