180.687 263.499
190.539 292.472
200.222 315.481
218.320 335.263
235.884 349.232
265.720 357.809
297.043 362.167
326.592 365.675
349.322 362.384
359.038 347.039
356.418 330.596
351.586 312.349
342.738 295.745
333.244 278.298
325.739 256.444
321.458 234.844
316.172 206.977
262.136 236.385
278.455 229.512
293.686 224.758
305.399 222.809
315.151 222.194
345.414 209.230
351.308 202.016
355.225 197.111
356.913 194.761
355.310 196.277
333.857 231.011
342.989 250.317
353.206 267.799
362.295 286.874
316.439 297.411
331.631 301.482
345.382 299.098
351.946 292.651
351.099 278.529
275.472 250.520
286.637 244.194
294.654 241.180
297.735 243.287
296.367 248.593
287.450 253.385
333.207 228.091
344.678 220.209
350.110 217.527
349.077 219.837
350.803 225.783
344.440 228.670
298.904 326.626
316.178 324.225
333.365 320.807
349.384 316.330
357.025 308.833
357.823 302.348
353.367 298.000
353.410 307.123
355.274 318.273
348.836 326.890
333.442 329.112
314.823 327.681
302.547 326.539
327.478 325.454
345.747 321.177
352.664 312.355
351.338 301.262
352.734 313.242
347.068 321.330
330.953 323.808
286.177 245.919
342.891 222.192
