197.010 251.761
204.476 276.153
211.736 294.944
221.248 315.563
231.727 332.386
252.722 347.195
276.448 359.308
300.479 368.341
320.933 375.642
336.106 368.870
341.101 361.483
341.240 349.733
339.702 338.003
337.216 323.193
337.060 302.772
337.525 286.022
338.232 263.540
250.695 207.072
263.483 200.835
277.321 198.361
289.405 199.705
301.054 204.470
335.901 209.348
344.132 207.659
352.020 209.274
357.717 213.019
359.245 220.860
321.177 219.790
326.740 234.989
331.582 249.356
336.862 265.377
300.770 280.599
313.021 285.937
327.162 287.068
334.145 288.338
335.578 284.515
265.654 225.475
273.743 217.724
283.882 218.229
291.241 228.440
285.079 228.192
273.291 227.519
328.574 234.063
337.306 225.103
346.252 227.604
348.797 235.604
348.169 237.409
339.249 236.512
293.761 318.470
306.874 309.697
318.064 303.661
330.566 302.904
338.904 304.798
342.428 312.012
341.453 320.805
341.614 327.317
339.153 332.969
331.493 333.196
318.428 330.816
305.149 324.877
296.484 318.482
314.697 314.394
326.556 314.640
334.736 315.813
337.990 321.001
336.728 320.053
328.365 319.421
315.871 319.010
278.495 221.160
341.028 229.998
