184.192 290.414
195.550 312.112
206.264 328.497
218.171 347.352
230.385 362.140
250.817 374.701
274.049 385.100
297.383 391.794
316.723 389.088
330.536 375.747
333.598 358.683
332.806 337.802
328.008 316.737
321.710 297.609
318.403 276.230
318.049 257.522
318.228 232.700
249.428 275.304
263.528 271.979
277.735 267.925
288.860 265.371
298.390 264.184
327.032 252.460
334.342 245.923
340.690 240.500
344.883 236.586
345.338 234.284
315.591 269.971
323.513 287.818
331.701 305.712
338.064 324.355
299.971 325.042
310.766 330.892
323.265 333.669
329.629 328.386
332.241 316.810
261.174 289.781
270.692 286.386
282.042 280.642
285.503 279.404
283.088 285.537
273.318 291.341
321.846 265.265
330.245 261.765
338.784 258.009
337.740 255.757
338.295 262.721
330.651 266.039
289.506 359.999
299.676 354.905
309.961 351.899
321.587 351.006
330.774 347.439
334.968 346.374
336.713 345.188
332.105 354.850
326.092 363.181
316.904 367.535
306.583 368.239
296.804 364.689
290.209 359.207
305.808 354.812
318.641 354.975
326.572 350.292
333.374 344.573
327.153 356.319
317.867 362.346
305.949 362.589
276.987 283.233
334.656 258.968
