193.974 278.403
199.631 302.326
207.972 321.958
218.063 339.548
228.754 354.502
247.711 368.189
273.786 376.679
300.169 382.879
321.940 385.149
335.366 376.957
340.495 368.739
341.933 358.253
335.907 345.285
330.798 331.550
328.660 314.751
329.773 297.635
329.045 275.642
244.234 243.723
256.547 237.956
270.075 235.336
281.838 236.109
292.860 239.888
329.425 239.748
338.478 236.743
346.205 236.727
351.286 238.893
352.743 244.583
311.904 253.530
318.273 266.986
326.762 278.792
333.073 292.625
294.351 309.208
308.508 313.048
322.323 313.239
331.942 312.166
336.617 307.446
256.318 260.294
265.842 255.079
277.604 253.937
282.653 261.649
277.760 265.129
265.325 265.191
328.022 262.002
338.734 254.710
347.334 254.720
348.083 260.012
346.991 265.348
338.658 265.372
285.334 343.520
295.612 337.151
309.758 332.326
327.552 329.879
339.362 330.282
342.855 333.553
341.789 338.606
339.694 342.474
336.344 346.717
327.806 349.142
312.979 349.086
297.424 346.407
288.503 342.860
307.134 339.052
324.781 336.819
336.397 336.584
338.751 338.282
333.435 339.915
324.516 342.359
309.819 341.980
275.393 257.226
344.520 257.747
