213.530 256.989
210.843 277.570
209.413 293.772
208.946 317.534
209.845 337.627
222.243 360.910
237.872 382.391
253.372 398.862
268.181 405.416
282.629 396.160
290.638 379.223
295.940 356.998
299.136 333.973
301.795 311.954
310.497 290.024
319.747 274.089
332.218 253.537
283.842 293.364
298.539 298.134
312.254 301.650
321.449 304.180
327.753 305.867
355.796 299.432
365.158 294.886
371.995 290.236
375.044 286.104
372.630 281.978
335.503 313.606
333.169 331.092
332.121 346.410
329.867 362.324
296.359 354.313
303.949 362.846
313.533 366.797
317.780 363.545
322.658 353.781
284.247 306.246
296.124 309.983
305.684 309.231
307.660 310.283
302.122 314.965
292.507 314.993
339.144 307.161
351.874 303.136
358.270 300.315
356.288 299.537
354.175 309.142
346.703 311.449
273.718 378.158
284.938 378.231
296.544 378.187
310.847 380.426
318.667 378.522
319.611 377.658
313.672 376.021
308.979 385.706
301.659 395.088
293.971 397.090
284.664 395.583
277.247 387.509
274.949 376.963
290.882 382.587
303.479 385.323
311.673 382.691
311.646 375.574
307.182 387.858
299.542 388.865
290.146 388.325
299.707 306.063
352.224 302.631
