160.943 261.947
170.607 285.242
176.382 305.546
184.561 326.802
193.122 343.985
207.633 362.841
226.889 379.896
249.022 391.818
273.860 394.544
297.680 381.317
313.997 360.613
325.790 335.971
332.212 313.059
332.956 291.700
331.069 267.070
326.158 246.280
322.650 220.463
163.624 252.443
173.794 248.193
187.740 244.468
200.550 243.402
214.435 244.786
263.529 230.662
275.587 222.242
289.311 216.657
301.920 213.593
313.289 213.242
242.056 252.971
245.745 271.549
249.204 289.510
253.148 309.659
229.511 316.758
241.833 321.841
256.399 320.080
270.931 314.233
281.398 300.926
186.302 265.112
193.603 260.281
207.858 258.306
219.147 262.165
210.918 268.255
194.170 271.600
269.129 249.126
278.823 239.189
291.848 234.474
299.357 235.697
294.507 245.313
280.469 249.955
231.918 353.565
235.641 347.478
243.227 341.953
259.346 336.469
277.171 331.936
289.171 332.545
297.212 335.011
289.917 344.079
278.907 354.586
265.926 359.697
251.763 362.149
239.767 358.328
234.906 351.873
247.318 347.900
262.790 345.093
279.011 338.471
293.749 335.172
277.362 344.661
263.532 351.003
249.752 352.543
200.766 262.366
285.269 240.173
