155.283 236.549
158.491 257.218
161.021 274.007
163.317 297.028
167.988 315.575
177.577 340.013
192.600 361.191
208.405 378.705
226.874 387.437
247.233 381.569
265.939 366.878
284.809 348.073
297.828 326.159
305.778 306.454
311.179 286.035
314.636 269.802
319.817 249.096
165.967 269.460
173.504 273.305
184.766 277.820
196.281 282.622
208.806 287.798
253.349 290.727
266.274 286.627
279.499 282.888
290.082 279.803
298.902 276.699
229.590 303.549
228.465 322.522
227.579 340.246
225.946 357.188
208.274 339.604
216.609 348.039
227.312 352.740
238.349 349.810
248.494 340.989
178.194 289.538
184.280 293.326
196.687 293.330
205.188 296.064
196.506 300.942
184.418 299.469
256.352 298.876
266.786 298.350
278.646 297.241
285.549 294.964
278.738 304.177
265.518 305.008
198.180 354.279
201.807 357.912
211.008 361.467
226.967 365.053
242.249 364.031
253.706 361.396
259.245 358.390
250.704 365.112
237.985 371.878
226.770 372.758
214.958 370.389
204.461 362.031
200.866 353.919
211.403 361.859
227.364 365.209
244.258 364.274
256.793 357.377
239.703 367.120
226.839 368.336
213.829 364.854
187.226 293.817
268.613 298.296
