204.434 262.636
212.147 287.512
220.447 306.152
225.630 323.723
231.633 339.144
246.179 354.821
263.802 366.488
283.446 376.139
302.453 380.247
312.308 373.099
311.574 362.690
308.379 349.474
301.943 334.522
298.029 319.594
298.582 302.142
302.588 285.814
306.558 263.876
257.666 245.437
268.998 242.006
281.329 240.758
291.432 242.371
300.124 245.931
324.428 245.803
329.726 243.162
333.448 242.935
334.303 244.608
331.544 248.290
314.913 257.891
319.624 274.567
324.831 289.270
328.904 306.198
291.113 306.551
300.338 312.855
312.464 315.349
316.214 311.968
315.875 301.837
268.099 264.984
275.585 259.107
285.462 259.292
289.352 267.789
286.566 269.372
276.400 269.373
311.446 266.709
321.451 259.183
328.007 260.010
328.261 266.000
327.924 268.512
321.148 269.358
276.748 335.279
284.963 330.163
296.731 327.427
310.433 326.289
317.596 325.181
317.702 326.058
314.749 330.838
314.278 338.813
312.947 345.577
306.817 349.143
296.067 347.356
284.020 342.102
276.863 335.315
293.579 331.818
307.278 330.658
313.472 329.586
312.552 330.846
312.619 342.505
306.565 345.608
295.531 343.749
280.809 261.930
323.500 262.383
