224.374 270.819
224.279 291.971
219.380 308.424
208.427 326.062
199.979 339.845
186.161 351.104
170.812 361.504
161.200 369.986
162.374 376.155
176.720 376.366
200.531 374.827
229.660 367.583
258.771 359.039
278.127 343.345
291.394 320.974
299.594 300.631
305.193 271.968
173.648 246.819
167.508 242.112
165.367 239.843
165.995 240.314
168.985 242.930
184.666 238.440
191.837 234.195
202.445 233.094
214.013 234.947
228.668 240.745
171.721 252.458
164.251 265.635
154.394 276.798
145.059 289.067
162.838 307.270
159.217 309.678
158.736 309.281
165.834 312.136
176.617 309.587
175.875 262.921
171.359 256.302
175.721 257.124
180.824 264.319
174.126 266.439
171.652 266.815
200.590 261.464
200.570 252.114
207.567 252.781
216.290 259.487
207.190 263.971
200.642 264.240
160.131 333.339
156.219 327.859
153.937 324.077
154.371 324.362
163.667 328.010
172.460 333.316
180.162 339.623
170.931 341.685
159.454 343.376
154.566 342.081
151.348 339.646
155.412 335.931
162.245 333.589
157.869 330.791
158.042 331.642
168.220 334.559
180.720 339.738
161.576 336.349
154.942 334.493
152.886 333.278
173.388 258.878
203.983 255.565
