178.080 258.373
183.909 280.759
187.018 300.218
186.470 322.290
187.975 340.388
192.486 361.916
199.939 381.767
210.683 399.364
226.741 409.950
247.202 407.899
268.116 397.981
291.055 383.117
310.575 363.472
319.795 342.455
325.379 319.551
328.955 300.587
334.235 278.363
164.910 275.952
169.157 278.209
177.936 280.357
187.407 284.054
198.702 289.693
234.762 293.759
245.728 290.496
259.212 289.258
272.396 289.512
286.486 290.392
217.815 306.364
217.314 326.058
215.254 342.417
212.116 358.003
203.512 350.712
209.339 359.858
217.541 365.809
230.565 365.783
240.605 361.101
177.152 295.405
179.444 294.804
190.265 296.464
201.624 303.758
192.010 309.394
180.313 305.632
245.771 309.698
251.547 304.735
263.816 304.494
273.783 307.581
264.723 316.158
252.678 317.386
197.211 370.431
200.211 371.065
205.061 373.648
215.292 378.960
229.048 381.218
239.279 383.424
248.005 385.946
239.503 389.190
226.448 393.261
215.069 391.852
205.380 386.713
200.522 377.674
199.882 369.924
208.816 374.937
219.095 380.354
231.469 382.504
247.374 383.817
227.132 383.031
216.139 380.671
207.013 376.413
185.673 300.151
258.144 309.261
