227.811 251.707
225.535 271.739
222.363 288.116
215.120 304.983
209.682 318.967
199.236 332.252
191.563 343.971
189.157 355.555
197.282 363.041
212.388 359.268
234.750 351.190
260.924 341.597
286.784 329.466
302.797 312.809
312.267 291.192
318.915 272.565
324.994 249.262
182.925 220.603
180.998 214.915
182.294 211.615
184.591 211.556
188.824 214.986
209.867 211.533
217.732 206.868
227.689 205.860
237.609 207.193
251.333 212.571
196.809 228.839
187.986 244.160
179.173 258.466
172.812 273.997
180.480 283.602
179.856 288.333
183.258 288.868
191.644 289.630
203.155 283.380
183.385 236.049
179.485 230.742
185.367 230.386
192.143 237.191
184.782 240.572
180.314 241.083
218.170 234.736
218.287 225.920
226.893 226.087
239.472 231.254
227.970 237.360
219.520 237.422
179.321 313.289
175.191 307.464
173.943 302.112
177.733 300.478
187.611 303.560
196.544 310.609
209.394 316.391
201.846 322.908
191.403 328.476
180.944 330.255
175.988 326.132
177.881 319.907
182.437 313.455
179.452 311.005
181.767 311.881
191.505 313.121
209.400 316.393
189.199 318.662
180.209 319.340
176.252 316.692
181.793 232.879
222.589 228.566
