196.550 263.623
202.223 281.944
206.161 297.130
205.360 313.110
205.467 327.800
203.285 344.644
203.656 359.167
207.020 371.852
217.507 379.544
232.462 372.536
249.274 360.220
266.277 344.122
281.614 326.543
291.505 308.824
297.261 286.215
300.345 266.538
304.914 241.014
161.588 248.974
158.034 245.829
159.616 242.665
164.184 242.023
171.054 243.229
193.982 238.386
202.636 233.325
214.769 230.392
227.259 229.980
240.632 231.479
179.658 250.136
176.538 262.489
173.941 276.322
170.038 294.765
185.164 301.983
185.037 307.705
188.390 309.999
199.543 306.968
210.972 297.791
171.190 262.608
169.823 256.624
177.393 256.323
184.887 259.326
176.691 262.860
170.706 265.444
211.943 254.443
214.771 248.384
224.485 246.893
234.122 251.600
225.623 256.391
215.975 256.775
191.327 334.309
188.879 329.704
189.112 328.286
193.674 327.325
204.370 327.314
215.649 328.796
225.543 333.780
218.751 340.321
209.225 347.945
202.418 348.295
197.474 346.620
194.999 340.332
193.761 333.853
195.696 333.080
199.579 333.927
209.933 332.963
225.152 333.377
208.577 337.018
201.565 337.746
196.448 337.240
173.546 258.113
220.239 249.575
