203.515 264.110
203.026 286.290
198.380 304.852
185.703 320.147
177.263 331.165
164.205 335.614
150.262 339.578
143.772 343.990
148.274 344.843
164.400 338.723
190.109 330.328
221.344 320.873
252.090 311.695
271.747 298.000
282.352 277.299
288.316 256.206
294.701 227.036
152.216 225.730
148.177 218.829
148.215 214.385
150.757 212.710
155.248 213.729
173.740 201.298
181.035 193.650
191.298 189.276
202.113 188.138
216.290 191.736
162.592 220.455
157.573 231.826
147.142 239.326
137.518 250.337
144.742 272.615
142.284 274.015
146.509 270.830
158.080 268.249
171.655 260.468
154.283 238.321
150.558 231.520
156.854 230.123
162.036 234.036
155.354 237.196
150.361 240.587
186.194 220.770
185.803 210.967
193.862 209.213
203.447 212.811
194.512 218.096
187.074 221.277
130.809 301.364
127.585 292.733
129.236 286.266
134.456 281.085
145.202 280.595
154.499 284.247
159.829 292.764
151.492 297.094
139.121 303.772
132.439 304.889
127.999 306.151
129.121 303.599
134.058 301.739
129.997 296.662
136.652 294.606
144.965 292.201
158.751 294.051
140.515 294.125
134.711 294.884
130.157 296.820
152.739 233.415
189.817 213.750
