215.362 275.590
209.324 299.953
202.476 318.288
193.720 338.187
187.492 352.706
175.397 364.467
164.915 373.395
157.789 379.758
162.991 382.814
185.374 375.578
217.458 366.747
254.230 352.135
287.406 336.488
310.136 318.113
322.278 291.722
327.079 268.892
332.535 238.249
164.067 236.655
159.239 228.731
159.165 222.434
162.096 219.237
168.106 218.839
191.650 206.134
200.969 199.183
213.995 195.475
227.829 195.247
245.385 200.373
177.111 226.254
166.553 241.040
155.171 254.520
145.463 270.452
161.282 292.704
156.400 296.532
158.503 295.844
171.560 291.993
187.666 283.358
168.093 251.524
162.575 244.940
168.577 242.287
177.030 245.227
169.777 249.690
164.098 253.817
206.645 232.519
205.941 224.171
215.467 221.924
230.211 225.973
218.817 230.191
208.194 233.142
152.929 334.809
147.125 325.249
146.117 319.091
150.404 315.342
164.209 313.547
176.220 317.540
192.271 326.566
181.345 330.587
166.746 335.927
153.347 340.538
146.980 339.976
149.535 337.345
155.369 333.846
150.830 327.207
154.195 324.234
168.872 322.420
190.862 326.409
166.949 327.534
154.214 330.466
148.789 331.301
165.497 245.576
211.186 225.366
