182.446 245.346
186.510 272.039
194.819 293.569
203.239 315.142
211.440 333.221
226.179 353.189
247.757 368.487
271.179 379.745
294.417 384.979
314.713 375.154
326.232 361.458
333.800 343.260
333.932 323.135
333.436 303.928
336.376 281.513
340.980 261.358
342.471 235.623
222.416 232.127
235.166 230.181
249.991 229.495
262.704 231.029
274.620 234.362
315.474 231.047
325.831 226.354
336.002 223.732
343.914 223.032
347.619 224.823
295.633 246.730
298.180 265.584
301.638 283.175
305.636 303.824
273.010 306.277
283.791 313.666
296.389 316.015
304.566 311.551
309.422 301.846
235.140 248.095
244.413 243.620
256.970 244.093
263.244 250.114
256.571 253.609
244.359 254.376
313.491 245.966
322.098 239.914
332.388 239.476
336.747 243.579
332.770 249.518
322.157 249.928
264.084 340.089
274.173 336.517
284.298 334.389
297.894 333.350
309.318 331.506
315.061 331.539
319.883 333.900
315.001 339.371
307.913 344.516
297.814 346.510
284.907 346.474
273.108 343.733
265.649 339.129
281.991 337.513
296.399 336.515
306.535 334.862
316.879 333.449
307.306 335.353
296.725 337.091
283.353 337.884
249.561 246.332
326.032 241.676
