198.971 266.447
200.504 292.808
200.328 317.063
200.461 341.725
205.019 363.704
210.807 385.276
220.237 402.152
234.590 414.412
253.287 420.001
273.711 414.912
294.871 404.772
315.518 387.543
332.025 364.803
343.422 341.398
349.631 313.790
352.698 288.800
358.000 260.410
192.868 215.077
197.425 205.782
206.029 203.237
214.652 206.141
224.401 213.003
262.604 210.317
275.300 202.561
290.276 198.553
303.825 199.809
315.820 209.528
239.611 228.809
233.749 244.929
229.796 259.771
227.294 276.574
220.453 287.882
223.794 292.621
237.098 297.392
255.849 292.003
268.089 285.037
205.244 240.574
209.719 230.444
220.317 231.040
229.469 242.117
220.130 246.154
209.257 246.761
268.160 240.276
275.926 227.831
286.437 227.812
297.729 237.194
288.693 244.504
276.409 244.736
217.595 343.825
217.136 323.514
222.448 315.270
238.126 313.994
258.389 314.597
271.511 322.137
278.618 344.995
274.092 368.668
261.132 382.446
248.777 386.836
235.706 380.966
224.923 367.481
220.374 346.635
224.036 322.752
240.126 318.915
261.729 322.864
277.487 347.543
261.753 375.054
249.255 381.565
236.658 373.830
215.491 241.792
283.249 239.408
