178.637 261.807
177.741 284.693
176.614 304.269
177.871 329.775
182.143 351.416
192.792 378.091
208.946 403.731
229.572 423.231
253.768 431.693
278.111 427.304
298.114 411.685
315.881 389.850
328.561 367.001
336.422 345.383
342.659 323.284
346.213 305.149
354.166 283.960
205.907 291.094
216.935 296.293
230.475 300.942
242.926 305.538
255.358 310.133
298.581 316.969
311.227 315.363
324.099 313.731
334.543 311.738
343.185 308.309
274.376 323.613
271.662 339.641
270.391 356.791
269.409 374.727
238.403 361.052
250.024 372.385
264.837 377.780
279.266 373.399
291.680 362.271
215.451 304.829
223.933 307.305
236.575 308.963
244.983 312.929
234.974 317.154
222.138 314.758
300.614 320.810
310.427 320.929
323.089 320.993
328.941 319.314
321.039 328.765
308.512 327.528
225.042 385.824
233.243 385.717
244.832 386.536
263.888 389.272
280.874 387.194
289.481 387.089
295.629 388.543
286.789 398.242
274.613 404.119
260.262 404.767
244.667 401.668
233.047 395.116
227.341 385.376
243.607 390.707
261.876 394.416
278.669 390.910
293.164 388.272
276.483 396.538
261.856 396.206
246.406 394.642
230.584 310.185
317.686 321.595
