177.742 249.875
182.438 277.553
185.980 298.661
193.361 321.302
202.559 340.360
220.112 359.700
241.022 378.910
265.470 393.310
287.762 399.439
303.988 392.908
311.431 379.844
315.887 362.349
316.153 346.517
315.982 329.439
317.102 307.495
319.654 288.887
325.406 264.531
243.286 230.021
258.371 228.158
273.603 228.856
285.775 232.360
296.097 238.221
331.041 242.368
340.440 239.589
348.222 239.115
353.279 240.241
353.540 243.830
312.384 254.861
314.212 273.397
317.323 289.132
319.348 307.284
276.855 311.017
289.448 319.535
304.045 324.257
312.143 320.318
316.435 310.005
255.761 252.764
266.817 248.878
276.871 250.918
281.303 257.898
275.818 259.538
264.051 257.982
322.876 262.333
333.497 257.109
341.344 258.437
341.578 262.843
340.987 266.084
331.406 265.384
254.280 343.786
267.717 339.339
282.255 339.057
302.100 340.400
313.812 338.462
316.102 339.160
315.995 343.443
311.372 355.868
306.844 365.280
295.461 368.702
279.112 364.935
264.517 355.482
255.174 344.820
278.202 341.441
299.574 342.585
310.311 341.497
312.879 344.469
305.978 361.377
294.482 364.537
278.225 360.305
271.470 251.908
336.698 259.461
