178.406 260.077
176.503 285.172
176.892 303.623
177.162 320.527
180.195 335.819
185.934 351.521
202.139 366.833
221.850 382.209
245.195 390.495
269.293 388.759
291.891 380.882
312.349 371.030
320.699 359.375
326.281 346.370
331.246 328.014
336.191 310.749
340.897 286.358
203.949 230.119
213.622 225.987
226.240 224.954
237.867 227.372
249.234 233.014
287.419 239.100
299.184 237.274
311.438 238.570
321.741 242.349
329.966 249.535
266.279 249.801
264.804 265.309
263.449 278.900
261.740 294.786
230.575 300.847
241.893 309.111
257.874 314.802
274.198 313.340
286.691 307.575
212.888 246.873
220.736 242.111
233.802 245.729
239.920 253.460
229.487 251.214
217.760 248.943
290.019 260.371
297.456 254.021
310.325 255.575
316.205 262.546
310.990 262.729
299.595 260.988
211.510 328.011
221.776 323.468
235.422 322.589
255.883 323.909
275.696 327.225
288.433 331.631
297.416 338.754
284.511 351.309
269.825 360.459
250.916 362.169
233.124 355.485
221.011 342.548
214.345 330.055
232.902 326.241
254.825 329.548
276.927 332.048
293.329 339.727
271.860 352.999
252.229 355.218
233.716 348.119
224.707 243.778
302.770 255.215
