191.612 236.784
196.577 260.635
201.901 278.486
210.555 298.831
219.488 316.155
238.331 331.897
264.631 343.537
291.666 351.806
316.363 356.190
332.632 350.620
338.951 342.810
340.613 331.425
336.024 318.659
331.246 304.348
328.282 286.449
328.913 270.651
329.228 249.796
248.318 200.696
262.652 195.878
276.985 194.263
289.088 196.345
299.782 201.348
334.025 204.774
343.122 202.994
350.610 204.669
355.065 208.561
355.301 215.599
318.108 216.104
322.070 230.770
326.790 242.213
330.795 257.534
295.515 273.785
308.581 278.048
321.609 280.456
329.377 279.515
333.598 274.344
261.315 222.687
272.217 216.060
282.534 219.040
287.511 227.020
281.591 227.260
268.311 226.466
327.968 231.426
337.679 224.594
346.897 225.994
347.776 232.987
347.352 235.497
338.093 233.704
277.725 309.204
292.929 303.554
307.320 300.249
322.304 299.261
332.792 299.989
338.043 303.681
337.276 309.249
335.964 313.970
332.964 318.875
321.811 320.160
306.277 318.146
291.828 312.895
281.623 308.390
302.433 307.180
319.428 307.654
331.515 307.767
333.685 308.602
331.908 312.127
321.228 312.630
305.454 310.980
275.428 219.073
341.208 227.229
