185.709 262.919
187.248 285.923
185.463 304.625
179.714 325.276
176.026 342.642
172.395 360.396
171.524 377.322
176.224 392.053
190.515 402.837
213.078 400.763
237.351 393.287
262.360 379.696
283.368 364.621
297.380 347.270
308.730 324.345
314.969 304.253
324.897 278.891
164.444 242.720
165.856 239.793
171.579 239.347
178.692 241.272
188.110 245.108
221.715 247.954
233.002 245.359
247.046 245.104
260.904 247.055
275.727 252.508
203.025 258.775
196.302 273.909
189.101 288.786
182.579 305.487
185.020 312.972
185.797 319.363
192.507 322.730
206.317 322.885
219.902 315.023
174.510 260.834
177.019 255.996
186.345 258.330
192.210 264.675
183.675 267.603
175.359 266.560
231.108 268.686
236.150 262.489
247.438 263.101
257.096 268.703
248.349 273.870
236.118 272.805
172.706 349.228
173.799 340.083
179.347 335.190
189.915 336.640
203.881 341.130
215.437 348.673
220.685 358.475
212.543 364.582
197.778 369.036
189.130 367.578
180.083 364.358
174.182 356.738
176.484 350.017
180.359 345.393
191.447 344.999
205.632 350.588
218.686 357.989
201.761 358.448
192.572 357.877
183.182 354.314
180.635 261.712
242.683 267.993
