169.709 266.746
169.530 289.872
171.309 308.219
175.511 325.080
182.015 338.085
194.298 347.473
213.464 352.586
234.889 354.103
259.329 352.841
284.890 346.578
307.862 339.554
329.721 328.364
342.442 316.563
347.289 302.668
347.252 282.662
343.313 264.818
337.918 241.518
178.437 215.545
185.315 206.045
195.604 199.512
206.715 197.062
219.398 198.118
263.028 189.755
275.167 185.390
288.124 185.324
299.148 187.867
309.958 195.217
241.471 205.451
242.812 218.192
244.467 231.057
245.677 244.810
222.291 270.890
234.877 271.807
249.176 269.681
263.290 267.248
275.725 263.578
190.657 228.127
195.569 224.800
207.168 223.351
216.900 223.965
209.861 223.609
197.431 226.678
272.741 214.426
281.389 211.932
292.919 210.085
300.521 211.455
292.049 212.627
279.652 213.239
224.118 308.169
226.845 298.272
234.528 290.279
252.052 285.243
268.029 283.693
276.768 288.952
283.891 297.009
279.419 302.640
270.536 304.084
254.788 307.282
239.402 309.702
230.075 310.015
226.951 307.364
237.707 298.779
252.960 293.835
268.205 292.941
280.723 297.658
269.155 300.301
254.378 303.815
240.178 304.710
200.930 222.361
285.857 208.680
