232.683 279.988
236.372 305.265
234.237 325.722
220.903 348.402
212.742 366.172
199.351 383.313
188.314 398.308
179.143 410.214
180.005 416.314
191.296 410.476
214.333 399.693
241.851 383.033
269.422 364.768
289.580 343.908
303.465 315.546
306.609 291.241
301.043 260.428
163.964 269.562
156.581 266.536
153.927 264.443
154.803 264.602
158.741 266.920
170.642 261.467
174.335 256.276
181.607 253.504
191.272 252.560
206.210 254.020
165.002 275.621
160.312 290.175
152.729 303.198
144.757 318.547
170.536 327.302
165.701 333.500
163.749 337.127
173.001 333.456
186.249 323.491
168.709 281.785
163.183 282.167
166.821 282.960
171.369 283.903
165.681 284.253
163.363 284.510
188.691 278.099
187.293 275.696
192.064 272.022
202.829 270.922
192.756 275.748
187.873 277.625
182.609 361.510
169.686 352.139
162.192 349.815
160.869 351.672
172.323 348.669
186.501 350.815
202.237 359.931
191.249 372.400
176.091 382.933
167.285 384.427
169.483 381.995
176.924 373.655
182.919 362.906
167.384 355.529
166.289 357.212
178.292 354.038
202.327 360.184
177.918 374.738
170.591 377.836
172.517 374.823
165.877 281.632
191.715 273.616
