196.110 235.212
195.744 258.121
192.548 275.825
188.984 299.324
190.956 318.038
196.650 340.524
206.200 361.189
218.647 378.396
235.519 388.644
255.515 389.320
276.491 382.502
299.627 370.957
319.547 355.101
333.170 337.700
341.759 315.368
346.615 297.694
355.408 276.644
196.283 249.614
201.454 252.904
210.673 258.076
219.974 264.584
230.768 272.605
274.206 285.865
287.389 284.327
301.562 283.844
314.307 284.058
325.416 284.892
248.855 292.230
242.538 310.837
236.724 329.306
231.820 348.335
215.821 332.226
222.456 344.387
234.972 352.328
250.434 352.752
264.285 344.765
202.354 272.892
206.894 272.763
218.024 276.494
227.747 283.753
217.212 286.227
205.598 282.709
278.227 299.710
287.201 298.993
299.003 301.379
308.023 304.512
297.924 311.081
285.785 308.338
206.298 352.241
210.376 356.696
217.906 361.378
231.499 366.903
246.233 369.952
259.228 370.926
268.795 371.407
259.164 376.758
245.097 380.848
231.684 378.048
219.870 371.912
212.167 361.799
209.586 351.961
220.073 360.944
233.097 367.819
249.642 370.016
266.318 369.613
247.676 371.870
233.284 369.109
221.033 363.428
211.931 277.333
292.360 302.159
