193.339 244.719
196.739 265.013
200.379 280.063
196.342 299.429
193.617 314.089
192.749 324.416
195.018 332.489
203.289 340.137
217.784 345.371
236.905 341.895
259.691 337.253
281.699 330.793
299.637 321.506
309.922 306.186
319.361 285.059
328.077 269.718
336.927 247.644
184.749 207.112
187.572 201.890
195.034 198.973
203.429 199.323
213.329 203.147
248.834 201.954
259.821 198.420
272.457 198.923
284.407 201.679
296.088 207.575
229.156 217.648
223.846 233.562
218.449 246.509
213.189 260.109
206.154 274.606
210.104 280.578
217.555 281.262
229.164 281.080
240.008 275.043
188.591 226.106
189.885 220.959
202.591 221.264
210.076 227.123
202.295 229.815
190.626 229.661
253.278 226.665
257.460 219.476
270.945 220.359
280.553 226.602
269.563 229.765
257.621 229.715
195.299 303.910
199.422 298.947
203.691 295.515
215.204 294.592
228.481 296.161
236.893 299.220
245.722 304.849
237.152 311.051
227.048 316.096
214.920 317.122
204.613 314.735
199.951 309.190
198.418 304.534
207.155 302.174
215.800 301.722
228.781 302.858
244.810 305.325
227.771 307.693
216.823 307.282
207.463 306.399
194.199 223.124
262.130 222.688
