190.891 273.982
194.346 297.328
195.947 316.769
195.231 337.022
195.606 352.075
191.449 366.760
187.818 379.593
189.938 388.540
201.752 391.891
220.991 384.842
244.394 374.205
269.019 357.851
291.583 340.019
304.329 321.361
308.228 298.979
309.132 278.129
307.367 251.251
149.277 261.249
146.052 257.943
147.958 255.421
152.452 255.082
159.682 256.226
185.044 249.488
193.802 244.373
206.009 241.259
219.033 240.068
234.376 241.241
171.181 263.010
167.499 276.733
162.673 288.435
158.350 305.096
171.121 319.317
170.948 322.875
175.156 323.573
186.216 321.974
199.075 313.692
160.307 273.380
157.110 267.346
165.321 267.028
173.057 271.782
166.081 274.816
159.587 278.196
203.207 265.264
204.966 257.681
214.566 256.426
226.951 259.879
217.256 265.907
206.979 267.223
172.643 349.055
168.001 345.185
168.446 343.594
175.439 344.688
189.349 342.641
204.404 341.731
217.775 343.262
208.002 350.780
194.543 359.299
183.946 360.242
176.244 359.646
173.878 354.278
175.150 348.052
175.052 348.853
182.891 350.700
196.906 347.252
215.782 342.604
193.048 349.576
182.779 351.358
175.911 350.106
161.182 270.057
210.526 259.730
