181.084 250.578
185.899 273.829
186.067 292.489
189.061 311.824
195.633 328.006
209.186 344.041
229.255 357.239
251.324 368.661
273.749 375.848
294.268 370.238
306.742 362.447
317.442 352.006
320.795 338.811
321.921 323.860
324.707 305.261
326.576 288.885
331.506 267.212
220.400 225.544
232.508 221.934
247.573 221.169
260.410 223.809
271.968 229.369
309.041 234.969
319.820 233.163
329.695 234.172
336.941 237.405
340.353 243.165
289.130 245.190
289.871 258.965
291.791 269.145
293.714 281.194
258.670 293.728
271.352 298.587
286.607 300.300
297.990 301.922
306.567 296.590
231.044 250.243
241.493 247.937
254.951 250.334
261.613 252.555
253.645 253.651
241.112 253.288
304.888 259.567
314.426 259.818
325.857 260.468
328.922 263.983
325.814 266.059
315.725 263.562
248.329 326.463
258.412 317.749
270.756 313.173
287.374 312.792
301.271 315.826
307.744 322.421
309.028 331.257
303.928 337.078
295.563 343.291
282.711 343.412
267.860 339.657
255.575 333.271
249.412 326.578
267.507 321.195
284.603 322.656
298.803 324.046
306.477 330.883
295.397 331.228
283.189 330.088
268.779 328.919
251.940 242.902
324.122 254.204
