166.243 262.020
178.119 279.653
187.501 291.891
197.328 309.740
207.744 323.183
225.100 336.967
244.910 346.704
267.045 350.400
285.182 347.693
298.762 335.318
306.427 318.688
309.278 300.202
308.142 280.897
305.935 264.000
304.791 246.555
305.542 231.844
306.515 212.482
207.773 267.235
218.789 264.416
231.726 259.480
242.333 255.337
252.334 253.104
285.609 241.771
294.788 237.396
304.363 234.248
311.720 230.992
315.378 227.830
272.414 262.425
279.745 284.390
287.184 300.570
294.735 316.418
266.554 318.938
277.788 323.255
289.446 322.349
295.645 316.175
297.655 303.797
222.936 278.509
232.772 275.151
244.200 271.681
250.563 272.863
245.345 278.807
234.223 282.804
287.792 259.806
294.846 254.796
305.109 249.128
308.642 247.167
306.236 256.560
296.240 261.160
253.801 339.271
264.315 337.182
274.858 335.490
290.767 332.624
301.447 323.544
304.530 318.429
306.745 315.239
306.843 323.888
301.990 334.342
290.641 342.382
275.659 346.591
263.431 344.156
255.076 336.331
272.483 336.143
287.684 333.231
297.879 323.890
303.751 314.398
302.089 328.551
291.131 338.228
274.471 341.856
237.735 275.331
300.257 253.085
