176.800 275.038
183.729 301.650
188.445 322.961
187.798 346.474
189.816 365.886
189.597 386.437
191.896 404.573
197.123 418.811
210.314 426.063
228.938 417.881
249.632 403.314
272.104 381.932
292.126 358.268
303.874 335.450
309.203 310.253
311.321 285.339
312.511 254.714
138.447 253.178
139.003 246.253
144.041 241.887
150.258 240.847
157.736 243.099
185.966 235.138
195.460 229.639
207.257 227.269
218.881 228.001
233.952 233.724
169.310 257.504
165.460 278.289
160.949 297.334
158.157 318.044
170.443 322.782
172.517 329.106
177.570 331.504
188.360 328.603
202.381 320.798
151.104 269.026
149.079 265.191
158.211 262.901
167.093 267.656
159.032 271.432
151.569 273.186
202.022 262.094
202.801 255.951
213.277 255.076
224.730 257.215
216.617 262.275
206.067 264.680
178.803 368.309
173.452 358.787
172.443 354.941
178.468 354.404
190.515 352.917
201.679 356.681
215.046 367.300
213.980 378.545
204.212 385.074
193.213 388.336
185.680 386.165
182.731 379.627
181.391 368.599
176.303 361.098
181.586 360.526
195.722 359.939
215.605 367.347
205.306 378.945
194.662 382.932
186.533 379.729
153.485 266.308
208.400 257.562
