166.112 272.702
173.384 299.312
183.180 320.714
193.507 342.307
204.486 360.161
225.056 376.682
252.135 389.385
281.801 396.084
308.214 398.200
324.664 387.551
326.827 375.704
323.710 360.071
317.629 345.025
311.601 329.304
307.440 309.987
305.387 291.756
304.180 268.541
225.440 238.308
240.667 233.490
256.216 231.255
268.438 231.891
279.181 234.526
314.389 235.664
322.510 233.560
328.698 233.648
332.383 235.177
332.078 239.737
297.808 244.749
303.885 258.833
311.134 274.173
317.751 291.576
275.581 310.257
290.370 314.623
304.818 315.221
312.971 313.292
313.880 308.155
236.859 254.219
247.058 248.109
258.292 248.372
264.642 255.142
259.924 257.781
246.537 258.583
304.611 254.467
315.762 247.060
322.328 248.261
323.164 253.528
322.177 257.847
313.555 257.591
264.762 350.964
275.483 343.339
288.586 338.411
307.138 335.149
318.845 333.049
322.086 335.943
323.125 340.536
322.332 345.791
319.151 348.777
309.189 350.802
292.796 353.276
277.112 352.908
267.081 349.398
286.914 345.519
306.257 343.534
316.657 340.854
320.120 340.349
317.695 344.369
308.401 346.903
292.188 348.140
252.723 250.600
317.553 250.131
