170.655 254.622
172.392 281.306
175.485 301.297
180.659 324.468
187.876 343.790
202.130 362.057
223.043 374.957
247.680 382.804
273.279 385.587
292.937 382.032
305.465 376.598
315.463 365.976
317.414 351.163
316.949 334.077
316.783 311.042
318.626 292.794
322.123 269.364
232.769 225.848
248.312 223.785
263.424 223.177
275.177 225.034
285.128 229.177
318.953 227.304
328.164 224.598
336.215 224.917
342.241 227.567
345.519 233.956
299.983 241.380
302.417 254.903
306.937 266.209
310.422 282.026
266.262 298.718
280.546 304.692
297.940 306.788
310.773 307.682
317.027 300.980
240.056 243.226
251.669 238.336
265.773 241.150
267.607 247.747
262.543 249.163
249.939 248.908
312.928 252.480
322.897 244.713
332.312 245.569
334.944 253.413
331.793 258.675
322.999 257.196
244.103 339.570
261.377 332.472
275.821 327.408
295.486 326.166
310.160 327.774
315.158 333.410
313.210 340.807
304.338 348.745
291.999 356.943
275.730 359.639
260.868 356.403
248.020 348.449
246.170 339.968
271.482 333.367
293.419 331.803
307.642 333.689
309.726 340.113
294.647 348.351
279.039 350.420
263.196 347.697
261.334 242.689
331.304 250.335
