169.481 263.962
172.392 290.512
178.352 310.359
181.897 331.123
188.601 348.679
203.420 366.624
221.170 383.427
241.762 397.027
264.174 402.298
285.837 394.629
300.766 379.972
313.605 363.624
323.377 348.402
327.118 331.540
330.947 312.507
336.649 294.645
343.251 270.716
203.209 249.012
214.433 246.999
228.556 247.044
241.370 249.174
253.899 253.385
292.232 262.233
304.278 260.155
316.439 259.306
325.832 259.029
332.522 259.908
272.196 271.487
271.815 289.779
272.769 307.597
274.292 326.218
244.489 327.414
255.809 335.442
270.907 337.199
285.974 329.851
295.979 318.177
215.905 271.059
224.723 268.886
237.735 268.393
246.882 273.285
238.511 277.261
223.139 277.524
293.611 277.668
304.110 280.587
314.628 280.478
320.564 278.526
313.932 283.328
301.397 282.029
234.019 360.873
241.973 358.152
252.462 355.757
270.343 353.318
288.330 347.992
297.000 346.160
304.228 346.973
295.789 356.096
285.840 364.707
269.809 372.489
254.141 372.670
243.376 367.682
236.528 360.166
252.629 360.664
270.121 358.484
287.484 352.341
299.791 347.828
286.990 356.886
269.698 363.407
253.198 365.014
228.416 268.176
306.684 272.445
