164.949 244.514
165.468 266.348
164.830 284.310
162.790 302.173
161.685 317.306
157.312 332.605
162.884 341.361
172.088 346.610
187.864 351.143
211.954 346.389
237.857 342.649
263.920 333.516
280.795 318.106
293.234 302.216
303.787 282.025
309.167 262.340
316.024 235.578
150.945 207.941
153.285 200.687
160.531 196.137
168.755 195.572
178.098 198.245
212.352 192.265
223.261 187.039
236.490 185.696
249.092 187.916
262.257 195.495
191.956 209.469
185.288 225.285
178.890 237.859
172.415 251.926
175.192 274.070
177.594 277.889
184.381 278.562
196.640 277.353
209.796 271.663
162.339 225.869
164.255 219.065
175.098 219.541
181.939 225.544
172.288 228.060
164.240 228.979
220.048 222.727
224.119 213.982
236.080 212.943
245.223 219.934
236.817 223.388
225.638 223.659
168.982 304.240
170.694 300.594
175.271 298.571
187.302 297.806
203.171 297.230
217.453 299.386
230.565 304.656
217.898 306.505
203.189 307.955
192.179 306.689
180.427 306.942
173.948 305.249
172.606 303.180
179.679 302.126
192.673 301.310
210.258 300.911
228.280 304.569
207.113 301.682
193.440 302.244
181.113 301.647
168.740 221.624
230.781 216.772
