170.825 250.741
176.305 275.707
183.744 295.176
199.669 319.038
215.963 338.807
245.817 356.123
276.998 371.773
303.614 385.258
323.373 395.015
338.372 391.474
343.915 385.301
342.858 374.109
339.107 364.323
332.875 350.510
327.022 328.812
320.881 311.552
315.891 289.559
252.256 187.867
267.458 179.421
282.012 177.153
293.864 179.417
304.636 186.338
337.574 198.337
345.030 198.864
351.485 203.712
355.283 210.934
354.760 223.590
324.042 208.857
333.256 225.328
343.033 236.821
351.856 250.046
314.793 277.583
331.664 283.124
344.599 285.204
350.694 288.364
349.522 285.801
265.461 212.507
278.209 205.260
289.395 206.864
295.601 217.617
291.307 217.818
277.950 215.340
335.028 231.916
346.395 225.411
353.171 230.144
352.163 240.811
354.210 241.720
345.179 236.972
319.811 326.202
329.457 314.094
339.299 308.084
352.714 307.071
358.591 311.494
359.038 320.786
354.243 335.446
356.953 343.520
356.029 346.872
349.237 344.236
337.170 340.366
325.085 334.118
317.994 327.749
335.539 321.456
346.800 321.303
352.398 324.756
351.827 335.226
354.919 333.124
348.529 329.166
337.136 326.523
285.351 207.539
349.084 230.335
