206.235 266.752
214.171 289.818
222.103 309.620
240.845 333.466
257.902 349.848
284.477 363.723
314.237 373.389
341.037 377.421
361.574 373.476
372.155 357.120
374.854 337.867
373.644 314.602
367.187 292.437
359.768 271.257
352.917 246.832
349.663 228.443
344.324 204.858
273.313 255.407
288.231 249.718
302.327 244.820
313.664 242.525
324.628 242.231
358.507 225.264
365.662 217.100
371.941 210.712
376.471 206.370
377.111 204.547
345.413 248.110
354.415 265.175
363.128 280.226
370.110 296.054
337.642 313.325
350.426 313.640
362.817 310.104
368.903 304.686
370.285 294.165
289.745 267.484
300.316 258.922
311.171 254.806
316.339 260.298
313.077 265.683
300.989 271.334
355.823 240.238
362.845 228.734
371.844 224.019
372.151 226.994
373.147 235.371
365.170 239.770
330.492 347.363
341.774 340.637
353.888 332.050
369.406 324.302
378.668 318.888
381.965 318.694
377.849 321.193
379.016 331.051
377.995 341.229
369.353 348.810
356.734 353.885
342.258 351.446
333.070 345.364
352.632 340.768
367.910 333.679
377.132 327.301
374.838 322.449
377.023 332.511
367.879 339.272
354.477 344.822
306.468 257.876
368.313 227.272
