164.456 274.553
165.774 295.577
168.278 312.639
167.824 330.933
167.529 346.575
169.479 361.781
179.421 373.025
192.481 384.187
213.591 390.761
238.967 382.971
261.686 372.202
283.951 361.162
297.094 347.130
303.332 331.966
309.918 313.762
315.975 297.441
319.519 274.233
157.961 242.429
163.376 236.791
174.038 233.319
184.928 233.993
196.558 238.511
234.797 242.433
246.932 238.402
261.625 237.503
275.241 239.265
287.419 244.024
215.835 255.196
213.116 270.856
209.524 284.490
206.297 300.201
193.175 312.739
200.845 318.052
213.262 318.609
230.155 316.696
242.520 306.861
172.251 261.492
176.383 253.374
188.962 254.091
197.891 261.783
187.406 265.169
176.144 266.334
242.865 262.459
250.279 257.864
264.453 256.984
273.470 262.481
265.229 266.620
251.067 266.071
187.001 341.786
190.682 336.939
197.775 334.002
212.774 333.801
231.713 331.525
244.397 332.500
250.629 336.619
240.446 339.850
226.091 344.714
212.157 347.608
200.063 347.042
192.108 344.653
189.743 341.789
199.953 340.032
215.062 338.535
233.594 336.814
247.755 336.724
226.916 335.560
213.362 337.404
201.592 338.938
179.532 256.338
254.934 255.589
