187.199 265.803
186.410 289.036
185.235 306.927
191.468 329.092
201.955 346.329
223.734 361.964
247.517 375.509
267.937 386.235
288.914 393.327
307.486 389.281
319.842 382.248
333.448 371.996
344.270 361.155
349.359 346.427
352.096 325.054
351.429 308.658
353.173 286.364
225.892 233.565
239.134 230.661
253.946 229.870
266.967 231.706
279.550 236.197
322.849 241.734
334.204 240.669
345.380 242.215
354.177 245.108
360.329 250.922
301.450 250.650
303.703 263.535
306.769 275.315
308.548 290.689
275.683 303.660
286.569 309.550
300.220 310.784
309.489 312.100
314.057 308.631
238.253 256.350
248.591 249.203
261.507 252.682
269.293 261.644
259.557 264.389
245.590 262.250
319.718 267.683
329.059 260.957
340.169 262.559
345.406 270.897
340.367 274.426
329.398 272.392
272.398 338.468
279.626 329.904
287.513 324.140
299.607 322.162
309.719 327.173
312.694 333.947
311.660 342.104
310.425 348.890
304.310 354.343
295.325 354.882
285.975 351.995
278.350 345.706
276.926 338.564
288.825 335.761
297.769 333.656
304.059 337.739
307.459 341.295
301.872 341.844
296.332 343.710
290.066 340.181
251.503 252.053
331.853 262.476
