229.057 285.663
236.283 310.431
237.894 330.702
238.043 351.556
237.300 368.312
229.911 387.127
225.977 400.576
224.708 409.295
230.286 411.518
248.857 403.064
272.972 390.865
299.594 372.655
323.010 350.577
336.345 328.999
342.268 303.511
341.776 279.721
336.590 249.759
174.968 277.820
171.101 273.689
172.441 270.604
176.115 270.165
182.348 272.139
199.724 263.353
205.693 256.996
214.785 252.833
225.416 250.976
241.742 251.282
193.736 283.503
190.586 300.390
183.846 314.828
180.301 331.014
199.991 344.366
199.993 347.916
202.717 348.226
214.516 342.313
224.763 331.297
184.160 290.887
181.359 288.549
187.752 286.725
197.616 289.190
191.351 294.513
184.803 295.990
218.888 280.830
216.029 274.993
223.626 271.572
235.271 272.380
228.682 280.183
220.535 283.666
209.953 376.468
202.762 372.822
200.705 369.092
205.614 365.789
216.971 362.900
228.953 363.810
241.489 366.804
231.398 373.736
221.823 380.963
215.102 384.254
209.622 384.453
208.607 380.020
212.334 375.718
206.271 376.438
209.688 374.531
222.890 370.678
240.412 367.159
219.901 374.810
214.028 376.404
209.048 377.775
186.341 289.016
223.128 275.021
