188.982 246.121
190.979 271.347
189.552 292.367
181.202 311.365
175.750 328.709
165.942 349.597
161.592 366.484
159.890 379.234
165.757 390.901
181.569 391.548
203.836 387.767
231.160 377.852
257.006 361.333
275.871 344.852
288.742 323.877
295.029 300.545
304.083 269.925
141.814 229.833
136.842 228.009
137.461 228.051
141.135 230.306
148.003 234.310
169.675 239.345
177.127 237.485
188.868 237.764
202.186 240.044
219.020 244.444
159.245 250.199
154.824 266.403
149.196 278.940
141.231 291.633
152.996 304.154
153.130 308.685
156.001 310.393
164.225 313.828
175.255 310.383
149.100 248.082
146.310 243.295
153.394 244.681
160.011 252.239
151.387 255.220
146.626 254.216
186.920 259.038
187.051 252.380
195.346 254.594
206.983 261.948
197.702 266.823
188.409 264.635
148.761 341.014
145.424 334.373
145.597 331.636
149.780 330.884
157.383 335.617
165.601 342.247
172.782 351.641
165.119 355.530
157.286 359.949
153.514 358.316
149.340 354.631
148.859 347.620
152.255 340.129
150.043 339.382
154.510 339.034
160.358 343.796
173.496 350.218
157.424 349.747
153.319 348.144
149.041 345.305
148.422 246.275
191.153 255.869
