217.896 239.768
222.038 271.193
231.284 296.710
247.913 319.804
261.627 339.599
287.632 360.066
313.747 375.256
332.519 384.197
341.295 388.214
340.928 381.263
332.725 373.086
320.809 361.409
305.769 348.121
296.318 333.966
291.745 316.147
287.781 298.979
287.640 276.742
314.165 213.731
328.280 211.194
337.877 211.819
343.966 215.117
348.277 221.225
358.502 231.187
359.391 231.685
358.656 235.019
356.208 239.708
349.035 246.819
357.726 240.001
367.306 256.782
376.289 271.242
382.920 288.500
351.626 304.762
363.111 311.464
368.679 314.292
365.165 312.868
357.803 305.749
319.067 235.605
333.396 233.607
336.756 236.931
336.190 244.558
336.329 247.090
328.886 243.586
347.405 254.017
355.298 251.298
355.177 253.945
348.142 258.581
353.176 262.769
352.702 260.296
348.202 350.632
359.298 343.780
366.891 339.425
371.279 338.454
368.972 337.570
363.731 341.611
354.236 346.859
361.568 350.236
368.053 353.168
370.049 353.334
367.163 354.964
358.517 352.714
348.540 349.761
359.258 344.875
363.345 343.936
363.000 343.118
353.641 346.055
368.168 345.866
370.122 345.281
366.878 346.574
334.557 236.109
353.411 253.890
