223.336 279.781
231.959 306.111
240.284 326.781
256.948 344.565
272.518 357.719
298.849 367.291
326.121 372.754
348.802 375.437
363.294 372.214
366.390 361.763
357.886 349.743
345.282 336.311
330.589 322.931
320.244 308.813
313.963 290.775
309.206 273.445
305.878 252.126
303.742 249.799
318.361 244.230
330.678 239.933
339.855 239.097
346.282 240.651
364.027 233.189
366.820 227.903
366.870 225.081
365.115 224.771
358.925 227.769
357.531 249.466
366.949 264.718
378.080 277.478
387.755 291.142
351.970 308.000
364.175 309.496
372.250 307.203
374.076 303.533
371.346 296.819
313.547 267.554
324.447 262.678
330.110 259.329
329.792 261.956
329.859 268.130
323.221 270.633
350.200 253.253
360.269 247.776
362.242 246.268
357.184 248.349
360.739 254.206
356.892 255.333
348.618 341.484
360.783 334.322
369.707 328.131
378.311 323.370
382.071 319.544
380.678 320.523
373.517 324.025
376.697 330.415
379.477 336.212
375.631 341.506
367.361 343.655
357.630 343.407
348.362 340.057
365.715 334.232
375.127 329.084
378.501 325.661
371.425 324.202
378.162 328.934
375.202 333.433
365.831 336.402
327.208 262.886
359.648 248.749
