176.692 219.074
176.698 240.552
174.650 258.036
168.344 279.200
162.321 297.797
154.053 320.360
150.194 341.967
151.276 360.720
162.095 372.658
181.536 372.390
205.097 366.238
232.362 354.972
256.248 337.917
270.921 319.484
284.506 300.314
296.493 284.525
309.612 262.445
156.786 210.566
158.292 210.152
164.314 212.262
171.777 216.741
180.313 223.999
216.583 234.474
228.615 234.170
242.194 236.922
254.276 241.218
265.528 246.373
192.155 245.326
183.619 263.313
175.178 278.431
166.536 294.932
170.930 294.575
171.776 302.224
176.735 307.130
188.154 309.157
200.278 303.591
160.128 235.784
163.223 232.214
173.199 236.447
180.088 245.770
168.935 245.542
160.985 241.926
220.659 259.884
228.650 254.638
240.560 259.350
248.879 267.842
238.594 270.632
226.909 266.205
156.279 322.750
160.925 316.472
165.739 314.530
174.016 316.421
185.261 321.716
192.273 329.592
194.068 338.476
181.156 347.900
167.286 355.170
157.291 355.368
151.378 348.670
151.604 336.516
157.539 322.812
166.875 322.269
174.715 324.930
185.097 328.984
193.267 337.616
170.536 344.534
160.013 345.506
155.239 339.317
167.550 238.241
233.486 261.685
