169.394 279.695
175.935 303.688
184.581 321.771
195.248 341.541
206.429 357.625
226.897 374.909
251.328 388.402
273.876 398.867
293.546 400.719
304.982 389.684
306.594 374.468
308.425 355.679
305.490 336.162
302.058 317.605
301.353 296.076
301.858 278.208
301.541 255.048
219.827 262.989
232.656 258.892
246.672 256.902
258.111 257.471
268.735 260.195
300.305 253.069
307.869 247.323
315.273 243.971
320.736 242.819
321.931 244.895
287.366 271.606
293.980 288.559
302.255 304.551
308.480 321.688
274.112 327.793
286.072 332.926
298.216 332.670
302.601 327.984
303.660 319.364
234.338 280.043
245.214 274.844
254.803 275.477
260.835 281.170
255.344 285.487
243.954 286.299
297.315 272.905
307.473 265.641
313.745 263.413
316.773 265.678
315.703 272.035
306.576 274.509
264.708 357.257
274.500 353.180
283.839 346.868
299.265 341.784
308.314 339.885
308.003 344.250
307.564 346.333
308.401 354.171
306.162 364.032
298.860 369.680
286.584 369.477
273.913 363.283
267.167 355.453
282.972 353.556
296.276 348.058
302.874 347.396
304.748 345.810
304.951 354.233
297.713 359.745
285.249 359.322
244.590 277.633
305.306 265.983
