200.486 294.843
215.325 317.101
229.130 334.682
247.296 350.760
265.006 361.656
294.471 368.349
324.456 370.945
349.281 370.765
366.280 367.124
373.205 356.489
370.947 344.740
363.742 330.266
352.132 316.656
342.761 303.372
335.346 286.592
327.690 271.005
319.777 249.881
272.590 245.025
284.975 236.008
296.596 229.065
306.048 225.997
314.701 227.098
337.695 218.842
342.339 213.963
346.867 212.672
349.989 213.657
349.860 218.375
331.535 237.220
342.505 252.239
353.621 263.875
363.417 276.805
332.189 301.609
344.198 300.859
353.802 297.358
357.302 295.494
355.333 289.251
292.319 257.994
300.590 249.823
308.492 246.505
312.464 251.379
312.078 255.206
304.176 258.962
340.303 241.439
345.937 232.965
351.850 231.253
351.339 237.018
353.922 240.565
347.994 241.975
341.025 333.730
344.900 323.388
350.113 315.420
360.993 309.709
366.711 306.379
367.998 310.289
367.814 317.974
369.980 325.266
370.731 332.235
366.022 337.850
356.591 339.851
346.976 338.510
339.773 333.154
350.912 322.379
361.124 316.116
365.149 314.293
364.699 318.443
367.530 325.054
362.941 330.457
354.298 332.610
305.455 250.609
349.009 234.854
