160.417 239.113
163.703 260.483
168.838 277.912
174.739 299.308
178.263 316.229
185.555 334.853
196.464 351.613
210.321 368.182
229.901 377.722
250.901 371.171
268.370 357.052
283.735 340.398
294.886 322.462
300.547 303.915
307.443 282.447
312.437 264.367
315.622 241.645
170.882 238.257
178.216 237.175
189.051 237.662
199.783 240.664
211.016 246.596
252.933 245.847
264.395 240.817
276.305 238.825
285.652 239.009
294.065 240.682
231.267 263.168
230.516 282.143
229.612 296.723
228.761 312.464
207.052 314.199
217.606 320.898
229.599 322.658
242.798 321.088
254.907 313.916
180.476 261.410
186.749 259.668
198.802 260.918
207.817 267.936
199.492 270.145
185.268 268.985
257.026 267.681
267.176 261.233
278.630 260.868
285.490 263.801
278.406 270.541
263.874 270.391
198.303 330.615
202.332 329.206
211.955 329.318
228.705 331.784
245.433 330.252
257.206 331.328
265.226 333.576
256.693 342.030
244.954 351.307
229.687 354.144
212.752 349.628
203.942 339.433
201.042 331.730
213.126 336.305
228.752 339.667
245.897 338.007
262.263 334.463
245.198 345.130
229.186 347.243
213.560 342.658
192.853 261.765
271.441 262.608
