218.632 256.357
221.968 284.045
225.989 304.544
236.995 327.264
247.798 346.261
271.243 363.118
299.903 374.076
327.686 382.065
347.011 384.009
357.053 375.428
353.518 364.258
346.922 348.535
336.971 330.637
328.788 313.032
325.591 293.490
330.217 275.028
333.687 250.042
299.256 254.053
314.269 254.264
328.185 254.849
338.763 256.993
346.949 259.811
371.586 253.106
376.464 248.505
378.947 245.136
379.059 243.597
375.372 244.020
360.828 267.654
365.925 282.005
369.710 296.295
372.709 314.245
332.891 308.775
344.039 316.079
355.537 321.065
359.650 317.061
362.306 308.723
303.130 269.347
314.076 269.429
322.216 269.340
324.036 270.417
321.088 273.945
313.452 274.154
350.451 266.774
361.328 260.599
367.084 259.321
363.784 261.562
365.015 268.323
358.413 269.894
315.306 336.695
328.680 334.983
342.289 334.179
355.121 335.556
362.010 333.937
363.084 333.862
359.703 333.459
361.412 338.996
362.154 344.541
355.613 346.815
341.299 344.820
327.238 339.947
316.985 335.798
336.417 338.100
350.793 339.149
358.852 338.422
356.940 333.325
361.727 340.102
354.992 341.662
340.104 339.267
318.500 264.732
362.788 260.617
