160.534 279.667
169.563 293.466
172.589 305.411
177.500 313.306
185.799 318.651
199.461 315.137
218.766 310.499
242.472 305.046
267.963 300.740
291.496 292.730
310.385 289.389
325.201 285.518
333.787 285.353
334.584 281.363
331.161 270.413
325.157 260.060
323.284 244.855
171.725 208.536
178.223 197.183
188.855 189.038
199.989 185.027
212.330 184.228
251.892 174.727
262.556 171.891
274.467 172.544
284.675 176.212
293.986 185.005
233.391 187.168
234.373 192.003
234.886 192.556
236.470 194.858
218.072 235.433
229.587 230.797
243.869 224.290
259.632 223.858
271.551 222.184
185.346 217.194
190.065 205.889
201.822 203.541
212.739 208.478
203.456 207.688
191.205 211.865
260.771 198.831
268.925 187.916
279.261 188.286
287.699 196.867
282.115 194.512
270.306 194.635
212.767 269.553
217.940 255.103
228.154 242.070
246.956 230.729
267.967 231.237
283.016 238.657
295.173 251.366
289.369 257.246
276.215 258.199
257.594 260.728
237.924 265.637
222.850 271.289
215.695 271.707
230.308 251.140
250.086 239.672
271.846 240.402
292.969 254.113
274.507 252.748
255.277 255.144
235.124 261.754
195.818 206.503
273.714 191.128
