194.473 270.393
200.789 293.828
206.686 313.019
215.362 336.136
224.006 355.330
241.879 375.794
264.198 392.576
286.606 403.321
307.420 405.108
323.438 395.129
330.873 379.502
335.392 358.978
335.216 337.648
332.597 317.775
332.195 295.324
332.168 277.294
332.717 254.400
236.777 262.113
249.124 259.301
263.797 257.042
276.804 257.373
288.970 259.649
326.725 253.594
336.022 248.463
344.108 245.453
349.664 244.658
351.553 246.269
310.093 271.773
314.702 291.160
318.577 308.972
322.231 329.279
291.444 331.656
302.916 336.955
314.917 339.066
322.461 334.863
326.322 325.913
250.289 283.423
260.892 278.795
272.108 277.309
279.426 280.839
274.626 285.501
260.841 288.768
321.784 275.427
333.468 269.161
341.585 268.013
343.405 269.916
341.554 277.514
330.984 278.715
285.136 368.365
292.179 360.093
301.936 355.601
317.105 352.183
330.070 351.894
334.906 354.263
333.426 361.021
332.638 369.809
326.429 380.048
315.324 384.218
302.069 384.087
291.012 376.813
286.086 367.447
301.652 363.194
315.696 361.671
328.302 359.471
330.874 360.014
326.830 372.419
316.046 377.295
302.576 375.813
266.671 280.827
336.401 270.990
