195.042 269.313
201.163 292.953
207.456 313.474
218.739 338.487
228.796 359.584
248.025 377.772
268.166 392.550
287.213 402.646
301.141 404.397
306.295 391.912
302.323 377.400
295.650 359.841
288.007 341.213
281.213 321.971
277.161 300.009
275.281 282.440
275.990 261.750
262.427 233.164
275.098 227.638
287.161 227.398
296.163 230.997
302.576 237.425
317.691 236.183
320.189 230.485
321.238 227.573
320.869 227.974
317.626 233.481
312.187 253.230
320.705 267.104
328.426 277.098
335.806 290.282
299.152 302.761
309.196 306.028
320.933 307.140
320.947 302.951
319.015 296.361
275.565 258.977
285.793 251.043
290.932 253.095
292.336 261.503
292.326 265.031
285.267 265.404
308.711 258.768
314.464 248.818
318.729 247.991
317.114 254.861
320.820 261.203
317.279 262.215
292.856 347.647
301.303 330.864
312.144 322.069
323.300 318.228
326.071 317.463
323.230 323.292
317.159 338.818
315.949 356.880
315.811 373.191
311.386 380.488
303.418 377.845
294.406 366.254
291.596 349.492
307.913 332.871
317.851 327.805
322.163 328.239
315.383 340.865
313.990 363.355
310.145 370.743
303.050 367.872
288.417 255.611
317.698 252.535
