190.556 276.573
198.903 298.886
205.565 316.838
208.863 337.596
213.009 355.433
219.772 373.206
232.822 386.550
248.853 396.571
267.832 401.765
289.523 393.627
309.731 381.668
328.905 365.872
340.443 347.028
344.867 327.583
346.125 305.646
350.060 287.774
356.161 263.375
192.166 264.177
198.648 261.221
208.726 260.242
218.971 262.090
231.026 265.691
272.452 262.255
283.987 256.861
296.975 253.506
308.649 252.409
319.810 253.930
252.832 277.969
253.534 296.162
254.198 310.323
254.505 326.343
238.066 334.100
246.329 340.030
257.782 341.673
270.687 338.509
279.580 329.023
206.600 287.272
211.003 282.829
223.628 281.750
231.756 285.273
223.743 290.491
213.016 292.518
278.813 282.049
286.442 277.088
299.320 276.884
306.180 279.295
300.179 285.660
287.875 286.102
232.505 362.506
237.352 359.831
244.167 357.212
257.667 354.992
273.492 354.623
284.814 355.339
296.165 356.821
284.911 362.972
273.144 370.296
261.206 373.229
249.554 372.348
240.881 367.163
235.783 361.300
248.066 361.171
260.965 361.050
275.078 358.694
293.161 356.391
273.604 360.215
260.191 364.301
248.438 362.933
217.663 284.360
293.704 278.843
