211.106 254.569
218.329 281.383
225.768 301.248
241.405 322.470
255.112 339.414
281.325 354.627
309.526 361.192
333.434 364.027
349.202 364.179
352.420 354.254
344.993 344.604
334.824 331.024
319.819 315.303
309.456 299.942
303.466 281.089
301.197 263.709
297.833 240.967
294.389 230.921
309.111 226.388
321.901 225.009
330.600 226.644
336.256 230.726
352.269 229.295
355.058 224.773
355.140 222.697
352.619 223.007
345.799 226.324
344.560 244.676
350.182 260.973
358.309 274.210
368.066 287.875
334.451 298.820
344.132 303.308
353.131 304.379
354.078 300.808
352.900 292.925
304.038 251.032
317.411 245.531
321.903 247.003
321.672 252.023
321.444 256.281
314.131 256.784
340.714 249.837
348.965 243.037
351.192 242.505
346.740 245.628
350.768 252.013
346.660 252.660
328.579 330.476
337.461 324.720
347.243 321.287
357.242 318.768
360.329 316.761
357.682 317.602
353.473 320.815
355.725 324.415
358.525 328.456
355.697 331.736
347.723 333.430
337.739 332.020
328.050 329.391
341.877 326.668
352.350 325.235
354.890 322.297
350.810 320.737
357.033 323.400
354.495 326.552
346.592 328.097
318.873 248.331
348.510 244.938
