179.650 262.231
181.803 289.128
182.513 310.640
186.353 331.934
193.465 349.786
209.721 368.648
234.601 383.965
258.141 394.593
280.193 402.253
301.200 396.147
319.212 388.954
335.917 376.616
341.232 361.065
342.528 344.330
343.210 323.297
344.443 302.678
350.020 275.986
226.659 249.816
238.433 249.109
253.287 249.663
265.959 252.035
277.457 256.190
315.325 258.635
326.835 256.194
338.201 256.117
346.843 257.509
351.145 260.271
295.355 268.264
295.813 284.567
296.569 300.868
296.865 319.659
264.071 318.233
272.582 327.431
288.668 334.435
302.251 331.282
310.121 322.166
233.986 266.142
244.520 263.555
256.502 265.346
262.845 267.486
256.242 266.460
243.930 267.398
313.953 272.382
324.317 271.984
335.265 271.958
339.895 275.264
336.592 275.925
325.286 274.452
261.457 357.737
265.041 350.568
271.952 347.806
288.939 350.500
305.847 350.315
312.737 353.573
313.591 361.419
308.343 364.622
298.865 368.163
288.206 366.929
276.558 366.125
266.603 361.963
260.806 356.878
273.165 354.191
288.124 355.217
302.980 356.594
310.356 360.452
300.181 357.349
288.846 357.484
275.864 355.910
247.599 261.628
328.342 269.328
