180.650 253.912
184.132 278.583
189.621 298.743
198.817 323.069
209.392 341.025
231.479 357.393
254.549 372.402
276.086 384.208
294.539 387.462
306.972 378.716
309.091 365.084
307.667 348.184
304.020 332.141
300.939 315.285
301.546 294.342
302.105 276.892
303.391 255.535
255.898 244.811
270.829 244.418
284.936 244.592
295.157 245.811
303.699 248.797
330.077 247.271
336.594 243.981
342.266 243.161
345.401 243.459
343.594 245.127
318.333 260.220
322.080 275.589
327.025 289.830
332.422 305.565
293.535 312.869
305.716 320.265
319.335 323.199
323.177 319.960
324.682 311.848
259.959 258.204
274.103 256.659
282.990 257.967
286.706 261.083
283.784 261.978
271.831 261.799
322.015 260.470
329.816 257.218
336.798 256.063
334.839 257.953
336.969 261.712
328.690 261.599
283.643 347.563
295.429 341.807
306.108 337.404
321.030 337.334
328.688 335.688
328.980 339.304
325.512 344.501
323.378 350.785
320.377 358.543
312.018 361.373
299.925 359.725
290.258 352.920
284.317 346.858
302.787 344.939
317.289 345.673
324.111 343.735
322.796 344.315
321.671 348.318
314.520 350.856
301.578 349.541
277.968 259.653
332.859 259.150
