207.562 255.015
210.915 278.257
209.275 296.897
200.547 316.647
194.069 332.149
180.344 347.524
168.850 360.327
162.651 370.579
166.426 375.961
179.971 371.967
203.583 363.038
234.262 349.155
264.243 331.309
282.017 310.758
290.510 285.545
292.847 263.559
291.587 234.242
147.654 243.500
141.699 240.334
139.597 237.847
140.257 237.081
143.801 237.715
155.332 231.983
160.360 228.029
169.143 225.826
179.729 224.538
195.664 224.954
148.130 245.158
141.206 258.573
133.582 272.188
124.989 290.030
151.767 297.112
146.800 304.363
145.026 307.864
154.574 304.913
166.632 294.412
154.736 257.766
147.886 255.253
151.884 253.892
158.780 254.984
152.859 259.860
151.411 262.240
177.083 249.677
174.201 247.349
179.204 246.289
193.332 246.679
184.458 253.095
176.852 253.251
152.792 333.246
146.794 329.150
142.632 326.518
143.348 325.845
152.153 326.449
162.913 328.073
174.885 331.850
162.374 337.681
150.881 343.205
145.550 344.496
141.973 342.669
146.055 337.782
154.715 333.070
147.724 332.690
147.631 333.297
158.440 332.160
174.259 331.763
151.427 335.638
145.442 336.885
143.463 335.740
150.435 255.259
178.766 246.922
