177.453 253.046
175.261 275.912
171.302 295.035
165.324 319.088
162.357 340.200
161.256 366.808
163.137 391.759
166.909 411.444
177.533 426.195
197.190 426.836
218.422 419.549
243.734 405.202
268.654 388.013
285.250 369.124
298.144 346.315
306.763 327.056
318.015 303.279
166.861 238.101
171.999 234.208
179.927 234.886
187.358 239.599
195.200 248.247
226.591 257.880
238.226 256.588
251.303 259.240
262.955 265.001
273.997 275.028
204.281 274.674
194.924 297.101
186.739 311.898
178.405 327.293
171.662 333.973
174.096 341.610
182.165 345.021
192.413 350.914
205.920 348.101
170.205 263.131
173.516 259.456
184.129 264.760
190.348 275.746
178.935 277.152
169.278 272.816
226.487 288.528
234.699 280.686
248.365 285.132
256.909 294.023
246.043 300.410
231.803 296.554
165.618 373.103
165.011 367.067
167.001 365.216
174.163 365.849
183.087 372.852
190.537 380.866
194.010 389.042
189.307 395.744
182.037 400.261
176.018 399.496
170.740 393.193
168.528 383.610
168.376 371.694
172.312 372.590
176.674 375.676
184.735 379.682
195.960 387.196
182.976 392.255
177.263 391.160
171.613 385.930
175.723 267.858
239.206 290.688
