164.961 273.481
166.399 297.713
170.938 317.954
180.093 341.609
190.201 360.798
209.714 383.043
234.249 402.918
258.745 416.431
279.233 419.562
297.068 407.961
306.674 388.076
311.616 362.970
311.580 338.772
310.633 317.527
311.724 295.821
315.186 278.321
318.807 255.167
228.268 290.522
244.097 292.969
260.991 295.441
274.352 298.153
286.121 300.273
326.162 293.435
335.269 287.101
342.366 280.950
346.970 276.282
347.495 272.349
305.437 306.774
308.106 321.834
313.206 339.478
316.795 360.446
271.712 356.161
285.350 367.489
302.035 370.571
312.181 363.384
314.022 349.527
237.991 302.091
250.440 300.368
262.678 300.000
268.503 303.332
261.755 308.379
249.927 309.533
312.337 296.175
323.700 291.100
332.751 288.815
332.709 288.981
331.785 296.084
321.981 299.181
258.841 389.174
270.258 388.703
283.118 388.385
300.746 387.860
312.603 383.308
316.968 380.354
315.659 378.724
311.877 388.142
304.093 399.060
294.070 402.603
281.867 402.853
268.943 396.567
262.049 387.448
280.121 391.263
298.423 391.433
309.733 386.097
312.970 378.867
307.013 392.810
296.301 396.442
283.916 397.114
256.547 302.933
327.292 292.086
