183.265 240.623
178.628 261.142
175.105 277.927
166.666 300.317
160.048 318.897
150.567 340.030
144.989 359.147
143.067 375.222
149.357 388.794
167.857 391.439
191.730 388.319
218.663 379.012
243.285 365.752
260.329 350.762
273.713 332.227
282.570 316.601
294.635 295.756
142.820 233.857
140.470 234.723
142.883 238.152
147.650 243.662
155.083 251.481
179.972 264.135
189.678 263.737
202.478 266.009
215.173 269.905
230.009 275.388
166.255 270.180
157.386 286.050
148.277 301.041
140.839 317.812
152.299 311.366
151.796 320.670
155.341 328.679
168.484 330.060
180.371 325.598
145.749 253.344
144.014 251.936
153.010 257.245
158.736 265.121
147.425 263.672
140.840 260.034
190.778 282.177
195.122 280.809
206.666 283.892
217.043 289.809
203.677 291.281
192.482 287.194
149.821 333.555
148.324 328.915
149.074 330.221
154.967 337.076
166.268 340.514
177.154 345.514
186.033 355.332
169.533 361.526
156.053 363.473
150.477 361.729
145.848 355.595
147.549 346.575
152.073 334.236
153.098 333.716
159.289 340.646
170.450 344.172
186.324 353.756
161.373 356.227
154.184 353.919
150.022 348.436
144.624 256.592
196.656 284.319
