163.540 248.808
166.628 268.356
168.085 284.454
165.072 300.678
164.758 315.753
163.440 330.942
166.687 343.390
176.134 353.729
192.179 360.262
215.276 354.067
239.833 345.996
263.215 334.105
279.665 318.843
289.187 302.924
297.662 284.145
305.414 267.607
314.069 246.177
148.355 205.681
151.736 198.555
159.823 194.595
168.567 193.958
178.902 196.420
223.856 193.058
237.101 189.481
251.244 189.286
263.857 191.575
275.464 199.729
198.582 206.833
194.671 219.055
189.445 227.771
184.751 241.871
176.214 262.496
180.956 264.823
190.627 263.783
205.435 264.588
219.979 260.582
157.485 222.882
159.296 216.588
170.123 216.298
179.088 220.833
169.937 223.910
159.270 225.974
230.505 218.441
238.525 212.026
251.266 213.286
260.849 218.606
251.812 222.269
238.154 221.573
167.754 303.696
169.800 289.231
175.500 280.777
186.265 276.227
202.847 279.571
216.199 288.135
225.816 303.481
214.906 311.627
199.608 320.015
186.079 323.159
175.619 320.696
170.034 313.254
170.497 304.517
176.977 290.999
188.271 286.827
206.140 289.768
223.642 303.516
200.242 310.753
187.441 313.723
177.468 311.710
164.954 216.879
244.530 213.232
