173.161 258.027
180.504 283.057
186.854 303.978
198.258 321.188
210.436 335.520
236.027 345.245
267.814 350.943
298.614 356.336
322.966 362.788
338.786 358.550
341.051 356.877
340.569 353.414
334.340 347.238
328.101 336.737
324.413 320.678
322.097 303.033
319.913 280.896
239.571 208.061
254.474 202.186
268.772 199.599
280.125 200.900
289.849 205.740
322.552 212.343
330.110 212.165
335.911 215.738
339.294 221.175
340.299 230.362
308.025 219.839
314.429 232.054
322.369 241.138
331.102 252.206
292.606 274.741
306.951 278.753
319.234 280.978
326.403 282.089
328.245 278.615
256.054 225.059
267.949 218.896
277.126 221.692
279.763 229.582
275.630 229.640
265.402 227.803
315.006 237.467
326.307 231.176
333.998 232.945
333.628 240.884
333.280 241.543
325.670 239.419
279.421 308.831
293.191 304.429
306.992 302.409
323.581 303.975
332.664 304.597
336.141 309.236
335.655 316.091
335.738 316.542
333.535 315.648
325.530 313.798
311.854 312.553
295.243 310.896
281.649 309.426
299.846 309.587
316.627 311.523
327.207 312.383
332.176 315.952
329.708 308.835
322.239 307.988
308.105 306.199
271.735 222.175
329.764 234.671
