170.498 306.706
182.327 327.568
193.294 345.256
205.960 369.115
220.591 388.542
241.765 407.313
261.337 423.872
282.482 435.608
303.233 436.097
317.568 421.304
323.515 400.637
326.771 376.148
330.967 349.431
329.421 324.463
327.007 298.004
326.005 278.060
323.428 254.052
179.683 269.633
187.154 258.533
199.857 251.904
212.754 251.140
226.843 254.489
268.614 238.506
277.746 228.498
288.682 222.456
299.052 221.265
308.695 227.192
254.552 269.063
261.296 290.537
266.556 304.662
273.297 321.241
254.529 338.188
264.322 340.457
275.529 337.935
284.405 334.320
289.138 326.159
202.066 293.505
208.522 284.304
222.188 281.621
232.022 287.213
225.242 292.510
210.718 297.494
278.358 271.354
285.207 259.667
297.291 255.857
304.426 260.569
301.220 268.609
289.606 272.230
261.465 382.819
260.921 368.350
267.498 359.634
281.197 352.833
295.873 350.019
303.706 352.877
308.013 364.842
312.924 388.028
310.777 410.583
301.219 421.068
286.696 418.725
271.871 404.176
263.652 383.176
270.638 367.720
283.845 361.225
296.512 357.905
306.171 365.133
304.447 397.417
297.183 407.534
285.001 404.856
215.827 289.159
292.715 264.114
