233.512 237.258
237.782 261.919
243.751 281.667
258.324 300.807
273.517 316.278
301.359 328.325
332.488 337.361
361.171 345.612
379.664 353.691
384.883 351.615
375.134 349.370
362.322 345.129
348.702 339.264
338.271 328.908
330.638 312.872
326.110 296.928
323.354 275.715
307.815 202.482
322.789 198.762
336.466 199.228
346.412 203.137
353.892 209.489
375.165 220.595
378.852 220.927
380.505 224.514
379.796 229.906
374.383 238.067
367.614 224.415
376.175 234.800
386.096 243.289
397.685 254.453
356.353 268.173
370.860 272.655
382.775 276.914
384.242 278.969
379.312 279.330
314.779 224.850
326.758 218.737
334.449 222.889
337.307 233.106
336.175 232.675
326.488 229.797
361.989 244.714
370.615 239.001
373.976 242.213
370.235 251.581
374.063 252.842
370.332 249.297
349.193 299.418
365.447 293.730
377.347 291.607
389.623 293.499
394.930 298.116
393.270 305.017
385.378 313.525
392.474 315.371
395.525 316.460
390.253 313.159
377.793 308.573
363.582 303.371
351.102 299.332
371.744 300.617
383.441 303.740
389.200 307.310
383.973 311.928
394.213 307.404
388.035 303.429
376.867 300.631
331.393 223.911
371.852 243.738
