199.288 263.071
198.685 288.483
199.573 309.061
207.647 333.101
218.016 351.519
239.587 368.554
264.642 384.249
289.426 395.156
311.289 397.653
326.935 388.393
333.816 373.206
336.972 354.082
337.030 336.972
334.265 319.375
331.189 298.869
329.312 281.724
328.893 259.987
245.316 248.748
258.295 245.306
273.246 243.681
286.394 244.846
298.800 248.355
337.058 247.065
345.281 242.868
351.597 241.437
355.589 242.183
355.595 245.571
319.843 262.291
324.178 280.838
330.178 297.825
334.475 316.694
294.320 321.161
307.951 329.580
321.344 331.309
329.502 327.207
333.307 319.040
256.003 267.347
265.008 263.188
277.472 262.552
285.778 268.594
279.392 272.336
267.725 273.442
329.876 267.046
338.521 260.122
347.664 259.367
348.134 263.731
347.113 270.239
338.629 270.168
284.401 359.688
295.974 356.143
308.446 353.244
323.149 351.748
333.746 349.737
338.152 350.047
338.473 351.140
336.673 359.655
330.764 366.444
319.930 369.027
307.700 369.128
294.862 364.896
286.341 358.783
304.654 358.003
320.211 356.536
330.663 354.660
335.925 351.238
330.000 357.804
319.619 359.829
307.001 360.729
268.377 265.960
339.273 263.260
