179.915 233.542
179.302 259.404
178.210 279.700
175.479 298.033
173.968 313.591
174.963 327.849
183.624 339.066
196.953 348.819
216.270 357.009
241.334 357.035
267.457 356.147
293.040 350.378
309.284 338.685
319.106 323.160
329.237 302.174
337.700 282.734
347.470 255.754
183.302 203.057
189.154 198.492
199.815 197.051
210.662 199.121
222.597 204.144
265.883 213.842
279.627 212.063
294.756 213.143
307.830 216.384
318.678 222.749
241.713 221.374
235.930 236.905
230.537 250.713
225.731 267.803
209.471 277.402
215.006 283.840
227.561 286.470
242.114 288.450
254.852 280.125
196.359 224.120
202.443 217.223
215.878 218.766
220.712 228.190
209.256 229.657
199.994 228.807
269.625 236.177
278.163 233.510
292.883 235.489
298.681 240.429
291.638 242.737
278.885 240.206
195.138 305.548
199.186 299.946
208.954 297.762
224.108 300.055
240.057 304.054
252.163 309.544
258.396 317.854
247.652 318.867
232.160 320.633
220.561 318.080
208.887 314.684
200.021 309.171
198.672 305.948
209.069 305.308
224.680 307.507
241.708 311.337
255.913 316.594
235.369 309.619
224.041 307.164
211.753 304.625
210.089 221.968
289.250 233.168
