214.676 241.133
220.013 269.896
226.431 292.560
244.021 310.478
261.079 325.057
288.861 337.136
318.419 344.048
344.685 348.180
362.482 350.065
364.639 344.912
357.149 340.366
347.432 333.736
332.876 324.439
322.428 313.622
315.360 298.285
312.312 281.547
310.640 259.632
299.916 206.608
314.081 204.151
325.026 204.122
332.774 206.119
338.555 210.210
354.366 216.415
358.209 216.208
360.940 217.892
361.915 220.986
357.571 226.325
348.429 223.543
357.417 236.083
367.796 249.070
377.980 265.890
337.022 278.779
348.778 283.603
358.321 285.346
359.650 284.925
355.787 281.742
306.381 223.708
314.188 220.676
321.347 221.502
321.376 227.462
321.440 228.196
314.309 226.821
341.463 233.689
348.497 230.709
353.215 231.671
349.726 236.780
352.663 238.221
348.819 236.438
333.459 310.703
342.111 305.938
351.839 302.862
361.442 302.515
363.496 302.340
362.254 304.856
360.005 309.155
363.507 310.312
365.806 309.609
361.388 309.964
355.274 309.656
343.129 310.410
333.189 310.398
346.074 308.726
356.816 308.798
358.908 308.189
357.640 309.516
361.251 303.661
358.084 303.134
350.495 303.862
317.419 221.206
350.178 231.549
