192.597 244.049
192.003 266.093
192.823 281.940
194.434 292.568
196.980 301.248
201.643 305.156
213.964 305.259
229.707 305.103
252.518 307.241
279.103 305.128
301.403 306.470
322.556 306.161
335.887 302.651
344.560 294.922
351.907 281.194
357.137 266.903
361.182 244.558
200.626 187.425
208.405 179.112
219.398 174.378
230.079 172.916
241.811 174.545
287.578 173.451
300.525 172.004
313.796 174.099
325.093 178.155
335.302 186.909
262.542 182.908
259.733 190.948
256.638 197.837
253.828 207.469
235.323 235.612
242.418 236.352
254.820 236.189
268.902 236.439
280.826 234.081
211.659 203.588
216.732 194.046
228.660 193.749
237.405 200.267
229.749 201.890
216.287 204.219
292.207 198.666
299.932 191.853
312.777 193.362
320.720 202.570
313.160 203.807
299.295 201.436
221.047 268.172
226.913 258.737
236.034 251.532
253.017 248.873
272.659 252.706
284.098 260.203
293.081 269.218
284.337 269.261
269.501 269.747
253.918 267.420
238.854 268.492
227.350 268.655
225.190 268.368
236.552 260.447
253.266 256.944
272.704 261.491
289.581 269.159
271.938 261.806
254.861 259.311
238.581 261.123
222.328 195.278
305.454 194.089
