165.280 272.103
169.819 295.894
177.467 314.510
185.871 332.836
194.819 348.560
210.117 363.600
230.065 374.235
251.182 381.961
270.725 384.381
286.716 377.971
297.470 368.627
307.500 356.247
310.534 340.382
311.722 324.166
313.386 304.272
316.297 286.773
317.558 264.041
200.777 242.508
211.280 236.974
225.181 234.169
237.958 234.947
250.527 237.857
292.132 235.131
302.384 231.350
312.113 230.322
318.466 232.067
321.104 237.151
272.562 248.491
275.898 263.121
279.825 277.294
282.849 294.930
255.544 307.802
265.762 311.957
276.180 313.140
283.153 311.254
288.453 305.415
214.111 260.636
222.251 253.461
233.556 253.037
242.619 259.211
235.817 262.792
223.942 264.772
288.353 256.896
299.424 249.503
308.609 250.169
312.296 256.136
309.316 260.973
300.173 260.751
241.429 342.716
250.615 335.957
262.076 332.230
275.491 331.531
285.640 330.565
292.126 333.402
294.215 338.631
290.348 346.837
283.741 353.522
272.851 358.761
260.381 356.878
248.791 350.810
242.991 342.188
259.220 337.612
273.610 336.471
284.658 335.941
292.179 338.657
283.603 347.802
273.215 352.381
258.820 350.386
228.528 256.523
302.990 253.307
