199.990 231.790
203.590 259.879
208.666 281.561
224.273 300.784
239.082 318.098
267.558 331.988
296.495 343.545
323.360 354.535
340.255 361.830
345.893 358.144
337.679 351.779
328.341 344.991
314.190 337.254
301.248 324.409
291.823 306.078
287.561 288.831
283.420 266.318
280.711 196.375
294.234 192.389
307.161 192.558
317.615 196.521
326.216 203.426
344.273 213.538
345.424 212.727
344.941 214.755
343.521 219.146
338.893 227.134
341.588 219.505
349.413 231.785
359.746 242.313
370.699 256.865
324.115 266.767
338.262 272.842
350.656 277.571
351.371 278.483
345.682 274.519
288.618 219.980
300.656 215.926
306.791 219.283
306.550 227.130
307.619 225.841
299.314 223.024
328.137 236.253
337.441 232.864
340.955 235.122
335.379 240.909
339.927 242.119
337.039 239.473
305.157 299.955
322.002 291.343
336.804 288.368
349.620 291.453
353.786 293.091
348.341 299.204
337.939 310.286
345.908 321.422
350.332 328.720
346.227 329.545
332.431 323.598
317.726 313.896
305.537 301.514
329.896 295.454
345.633 297.630
348.053 300.609
336.547 310.337
347.859 318.970
342.641 319.685
331.128 314.890
303.604 219.472
337.663 236.003
