181.614 240.447
181.743 265.867
184.401 285.204
191.280 305.055
200.328 321.084
218.338 334.329
241.486 343.941
264.403 350.140
287.722 353.347
308.795 350.934
325.655 347.370
341.440 339.218
350.387 329.474
355.693 317.133
358.657 298.273
358.292 279.350
358.014 252.974
222.803 203.066
235.054 199.378
249.516 197.662
262.577 198.615
275.356 201.263
314.784 205.956
326.773 206.092
339.069 207.515
348.428 210.139
354.801 214.911
295.126 209.920
297.042 218.005
298.417 230.789
299.885 247.932
270.243 264.092
280.935 271.598
294.771 275.730
305.755 273.030
312.578 264.268
233.018 216.580
242.971 213.324
254.352 214.027
262.645 218.395
252.977 218.871
240.383 218.618
315.406 223.671
327.215 220.794
338.615 221.833
342.191 226.549
338.022 227.732
326.883 225.915
261.404 301.839
269.133 298.250
278.926 297.522
292.482 297.615
305.120 298.085
311.305 299.403
314.861 304.037
307.529 306.919
300.261 309.424
291.584 311.220
281.829 308.136
271.454 305.010
262.762 302.707
277.458 301.414
291.926 303.015
303.967 302.664
312.698 305.146
298.987 302.754
291.299 304.155
282.170 301.617
248.392 212.474
333.480 221.581
