191.816 235.272
196.511 262.395
199.108 282.269
202.915 302.521
207.967 320.399
221.875 340.778
245.146 358.038
269.031 373.640
293.663 385.339
313.721 382.920
323.508 376.836
331.393 368.554
331.188 354.780
330.665 339.582
332.959 320.846
337.197 304.216
347.322 283.599
251.782 210.227
267.362 208.341
284.349 209.998
298.043 214.623
309.716 221.998
351.937 235.935
362.938 236.613
371.526 240.357
375.715 245.164
374.977 252.343
327.899 241.821
327.759 256.874
330.361 268.596
331.677 284.063
291.019 297.395
304.171 303.604
317.812 306.695
327.316 310.021
334.589 306.395
261.063 237.013
272.782 230.834
285.333 235.385
291.385 245.010
284.291 246.741
270.585 243.848
341.477 260.253
355.948 256.005
364.558 260.672
363.262 268.606
361.167 271.177
351.820 267.542
271.125 328.203
283.385 323.807
297.912 323.113
316.701 325.338
329.227 329.801
333.088 335.069
331.693 341.843
327.837 347.690
319.561 353.169
306.987 353.255
292.712 347.296
279.720 337.073
274.215 329.032
293.253 331.285
311.369 335.841
323.865 338.002
328.202 340.900
322.171 343.803
310.466 343.633
296.229 337.952
277.634 236.028
356.146 260.528
